Number of nodes 662 
     0 : -4.5900000e-01 -5.5125000e-01 
     1 :  0.0000000e+00 -5.5125000e-01 
     2 :  4.5900000e-01 -5.5125000e-01 
     3 :  4.5900000e-01  5.5125000e-01 
     4 :  0.0000000e+00  5.5125000e-01 
     5 : -4.5900000e-01  5.5125000e-01 
     6 : -2.2950000e-01 -5.5125000e-01 
     7 :  2.2950000e-01 -5.5125000e-01 
     8 :  2.2950000e-01  5.5125000e-01 
     9 : -2.2950000e-01  5.5125000e-01 
    10 : -4.5900000e-01  5.0331522e-01 
    11 : -4.5900000e-01  4.5538043e-01 
    12 : -4.5900000e-01  4.0744565e-01 
    13 : -4.5900000e-01  3.5951087e-01 
    14 : -4.5900000e-01  3.1157609e-01 
    15 : -4.5900000e-01  2.6364130e-01 
    16 : -4.5900000e-01  2.1570652e-01 
    17 : -4.5900000e-01  1.6777174e-01 
    18 : -4.5900000e-01  1.1983696e-01 
    19 : -4.5900000e-01  7.1902174e-02 
    20 : -4.5900000e-01  2.3967391e-02 
    21 : -4.5900000e-01 -2.3967391e-02 
    22 : -4.5900000e-01 -7.1902174e-02 
    23 : -4.5900000e-01 -1.1983696e-01 
    24 : -4.5900000e-01 -1.6777174e-01 
    25 : -4.5900000e-01 -2.1570652e-01 
    26 : -4.5900000e-01 -2.6364130e-01 
    27 : -4.5900000e-01 -3.1157609e-01 
    28 : -4.5900000e-01 -3.5951087e-01 
    29 : -4.5900000e-01 -4.0744565e-01 
    30 : -4.5900000e-01 -4.5538043e-01 
    31 : -4.5900000e-01 -5.0331522e-01 
    32 : -4.1068421e-01 -5.5125000e-01 
    33 : -3.6236842e-01 -5.5125000e-01 
    34 : -3.1405263e-01 -5.5125000e-01 
    35 : -2.6573684e-01 -5.5125000e-01 
    36 : -2.1742105e-01 -5.5125000e-01 
    37 : -1.6910526e-01 -5.5125000e-01 
    38 : -1.2078947e-01 -5.5125000e-01 
    39 : -7.2473684e-02 -5.5125000e-01 
    40 : -2.4157895e-02 -5.5125000e-01 
    41 :  2.4157895e-02 -5.5125000e-01 
    42 :  7.2473684e-02 -5.5125000e-01 
    43 :  1.2078947e-01 -5.5125000e-01 
    44 :  1.6910526e-01 -5.5125000e-01 
    45 :  2.1742105e-01 -5.5125000e-01 
    46 :  2.6573684e-01 -5.5125000e-01 
    47 :  3.1405263e-01 -5.5125000e-01 
    48 :  3.6236842e-01 -5.5125000e-01 
    49 :  4.1068421e-01 -5.5125000e-01 
    50 :  4.5900000e-01 -5.0331522e-01 
    51 :  4.5900000e-01 -4.5538043e-01 
    52 :  4.5900000e-01 -4.0744565e-01 
    53 :  4.5900000e-01 -3.5951087e-01 
    54 :  4.5900000e-01 -3.1157609e-01 
    55 :  4.5900000e-01 -2.6364130e-01 
    56 :  4.5900000e-01 -2.1570652e-01 
    57 :  4.5900000e-01 -1.6777174e-01 
    58 :  4.5900000e-01 -1.1983696e-01 
    59 :  4.5900000e-01 -7.1902174e-02 
    60 :  4.5900000e-01 -2.3967391e-02 
    61 :  4.5900000e-01  2.3967391e-02 
    62 :  4.5900000e-01  7.1902174e-02 
    63 :  4.5900000e-01  1.1983696e-01 
    64 :  4.5900000e-01  1.6777174e-01 
    65 :  4.5900000e-01  2.1570652e-01 
    66 :  4.5900000e-01  2.6364130e-01 
    67 :  4.5900000e-01  3.1157609e-01 
    68 :  4.5900000e-01  3.5951087e-01 
    69 :  4.5900000e-01  4.0744565e-01 
    70 :  4.5900000e-01  4.5538043e-01 
    71 :  4.5900000e-01  5.0331522e-01 
    72 :  4.1068421e-01  5.5125000e-01 
    73 :  3.6236842e-01  5.5125000e-01 
    74 :  3.1405263e-01  5.5125000e-01 
    75 :  2.6573684e-01  5.5125000e-01 
    76 :  2.1742105e-01  5.5125000e-01 
    77 :  1.6910526e-01  5.5125000e-01 
    78 :  1.2078947e-01  5.5125000e-01 
    79 :  7.2473684e-02  5.5125000e-01 
    80 :  2.4157895e-02  5.5125000e-01 
    81 : -2.4157895e-02  5.5125000e-01 
    82 : -7.2473684e-02  5.5125000e-01 
    83 : -1.2078947e-01  5.5125000e-01 
    84 : -1.6910526e-01  5.5125000e-01 
    85 : -2.1742105e-01  5.5125000e-01 
    86 : -2.6573684e-01  5.5125000e-01 
    87 : -3.1405263e-01  5.5125000e-01 
    88 : -3.6236842e-01  5.5125000e-01 
    89 : -4.1068421e-01  5.5125000e-01 
    90 : -4.5630932e-01 -6.0087663e-01 
    91 : -4.4826884e-01 -6.4992143e-01 
    92 : -4.3497281e-01 -6.9780940e-01 
    93 : -4.1657712e-01 -7.4397910e-01 
    94 : -3.9329744e-01 -7.8788922e-01 
    95 : -3.6540672e-01 -8.2902497e-01 
    96 : -3.3323193e-01 -8.6690405e-01 
    97 : -2.9715030e-01 -9.0108238e-01 
    98 : -2.5758486e-01 -9.3115925e-01 
    99 : -2.1499947e-01 -9.5678203e-01 
   100 : -1.6989341e-01 -9.7765031e-01 
   101 : -1.2279551e-01 -9.9351945e-01 
   102 : -7.4257935e-02 -1.0042034e+00 
   103 : -2.4849757e-02 -1.0095768e+00 
   104 :  2.4849761e-02 -1.0095768e+00 
   105 :  7.4257938e-02 -1.0042034e+00 
   106 :  1.2279551e-01 -9.9351945e-01 
   107 :  1.6989341e-01 -9.7765031e-01 
   108 :  2.1499948e-01 -9.5678203e-01 
   109 :  2.5758486e-01 -9.3115925e-01 
   110 :  2.9715031e-01 -9.0108238e-01 
   111 :  3.3323193e-01 -8.6690405e-01 
   112 :  3.6540672e-01 -8.2902496e-01 
   113 :  3.9329744e-01 -7.8788922e-01 
   114 :  4.1657712e-01 -7.4397910e-01 
   115 :  4.3497281e-01 -6.9780940e-01 
   116 :  4.4826884e-01 -6.4992143e-01 
   117 :  4.5630932e-01 -6.0087663e-01 
   118 :  4.5630932e-01  6.0087663e-01 
   119 :  4.4826884e-01  6.4992143e-01 
   120 :  4.3497281e-01  6.9780940e-01 
   121 :  4.1657712e-01  7.4397910e-01 
   122 :  3.9329744e-01  7.8788922e-01 
   123 :  3.6540672e-01  8.2902497e-01 
   124 :  3.3323193e-01  8.6690405e-01 
   125 :  2.9715030e-01  9.0108238e-01 
   126 :  2.5758486e-01  9.3115925e-01 
   127 :  2.1499947e-01  9.5678203e-01 
   128 :  1.6989341e-01  9.7765031e-01 
   129 :  1.2279551e-01  9.9351945e-01 
   130 :  7.4257935e-02  1.0042034e+00 
   131 :  2.4849757e-02  1.0095768e+00 
   132 : -2.4849761e-02  1.0095768e+00 
   133 : -7.4257938e-02  1.0042034e+00 
   134 : -1.2279551e-01  9.9351945e-01 
   135 : -1.6989341e-01  9.7765031e-01 
   136 : -2.1499948e-01  9.5678203e-01 
   137 : -2.5758486e-01  9.3115925e-01 
   138 : -2.9715031e-01  9.0108238e-01 
   139 : -3.3323193e-01  8.6690405e-01 
   140 : -3.6540672e-01  8.2902496e-01 
   141 : -3.9329744e-01  7.8788922e-01 
   142 : -4.1657712e-01  7.4397910e-01 
   143 : -4.3497281e-01  6.9780940e-01 
   144 : -4.4826884e-01  6.4992143e-01 
   145 : -4.5630932e-01  6.0087663e-01 
   146 : -2.2950000e-01  5.0331522e-01 
   147 : -2.2950000e-01  4.5538043e-01 
   148 : -2.2950000e-01  4.0744565e-01 
   149 : -2.2950000e-01  3.5951087e-01 
   150 : -2.2950000e-01  3.1157609e-01 
   151 : -2.2950000e-01  2.6364130e-01 
   152 : -2.2950000e-01  2.1570652e-01 
   153 : -2.2950000e-01  1.6777174e-01 
   154 : -2.2950000e-01  1.1983696e-01 
   155 : -2.2950000e-01  7.1902174e-02 
   156 : -2.2950000e-01  2.3967391e-02 
   157 : -2.2950000e-01 -2.3967391e-02 
   158 : -2.2950000e-01 -7.1902174e-02 
   159 : -2.2950000e-01 -1.1983696e-01 
   160 : -2.2950000e-01 -1.6777174e-01 
   161 : -2.2950000e-01 -2.1570652e-01 
   162 : -2.2950000e-01 -2.6364130e-01 
   163 : -2.2950000e-01 -3.1157609e-01 
   164 : -2.2950000e-01 -3.5951087e-01 
   165 : -2.2950000e-01 -4.0744565e-01 
   166 : -2.2950000e-01 -4.5538043e-01 
   167 : -2.2950000e-01 -5.0331522e-01 
   168 :  2.2950000e-01 -5.0331522e-01 
   169 :  2.2950000e-01 -4.5538043e-01 
   170 :  2.2950000e-01 -4.0744565e-01 
   171 :  2.2950000e-01 -3.5951087e-01 
   172 :  2.2950000e-01 -3.1157609e-01 
   173 :  2.2950000e-01 -2.6364130e-01 
   174 :  2.2950000e-01 -2.1570652e-01 
   175 :  2.2950000e-01 -1.6777174e-01 
   176 :  2.2950000e-01 -1.1983696e-01 
   177 :  2.2950000e-01 -7.1902174e-02 
   178 :  2.2950000e-01 -2.3967391e-02 
   179 :  2.2950000e-01  2.3967391e-02 
   180 :  2.2950000e-01  7.1902174e-02 
   181 :  2.2950000e-01  1.1983696e-01 
   182 :  2.2950000e-01  1.6777174e-01 
   183 :  2.2950000e-01  2.1570652e-01 
   184 :  2.2950000e-01  2.6364130e-01 
   185 :  2.2950000e-01  3.1157609e-01 
   186 :  2.2950000e-01  3.5951087e-01 
   187 :  2.2950000e-01  4.0744565e-01 
   188 :  2.2950000e-01  4.5538043e-01 
   189 :  2.2950000e-01  5.0331522e-01 
   190 : -2.2448487e-01 -5.9896573e-01 
   191 : -2.0965868e-01 -6.4459606e-01 
   192 : -1.8566940e-01 -6.8614672e-01 
   193 : -1.5356547e-01 -7.2180174e-01 
   194 : -1.1475000e-01 -7.5000283e-01 
   195 : -7.0919400e-02 -7.6951747e-01 
   196 : -2.3989281e-02 -7.7949278e-01 
   197 :  2.3989283e-02 -7.7949277e-01 
   198 :  7.0919401e-02 -7.6951747e-01 
   199 :  1.1475000e-01 -7.5000283e-01 
   200 :  1.5356547e-01 -7.2180174e-01 
   201 :  1.8566940e-01 -6.8614672e-01 
   202 :  2.0965868e-01 -6.4459606e-01 
   203 :  2.2448487e-01 -5.9896573e-01 
   204 :  2.2448487e-01  5.9896573e-01 
   205 :  2.0965868e-01  6.4459606e-01 
   206 :  1.8566940e-01  6.8614672e-01 
   207 :  1.5356547e-01  7.2180174e-01 
   208 :  1.1475000e-01  7.5000283e-01 
   209 :  7.0919400e-02  7.6951747e-01 
   210 :  2.3989281e-02  7.7949278e-01 
   211 : -2.3989283e-02  7.7949277e-01 
   212 : -7.0919401e-02  7.6951747e-01 
   213 : -1.1475000e-01  7.5000283e-01 
   214 : -1.5356547e-01  7.2180174e-01 
   215 : -1.8566940e-01  6.8614672e-01 
   216 : -2.0965868e-01  6.4459606e-01 
   217 : -2.2448487e-01  5.9896573e-01 
   218 : -2.7101274e-01  2.8760870e-01 
   219 :  4.1748724e-01 -2.8760869e-01 
   220 : -4.1748726e-01  9.5869565e-02 
   221 :  4.1748726e-01 -9.5869565e-02 
   222 : -4.1851697e-01  1.9142052e-01 
   223 :  2.7101274e-01 -1.9173913e-01 
   224 : -2.7101274e-01  3.8347826e-01 
   225 :  2.6980872e-01 -3.8348650e-01 
   226 :  4.1667166e-01 -5.3045404e-01 
   227 : -2.6948290e-01  5.2463285e-01 
   228 :  2.6684669e-01  8.7427483e-04 
   229 : -4.1748726e-01  1.2189172e-12 
   230 : -4.1748726e-01 -1.4380435e-01 
   231 :  2.6998303e-01  1.4412296e-01 
   232 :  2.7275721e-01  4.7855774e-01 
   233 : -4.2330280e-01 -4.7307851e-01 
   234 : -4.1748726e-01 -2.8760870e-01 
   235 :  4.1748726e-01  2.8760870e-01 
   236 : -2.6936684e-01 -3.8349540e-01 
   237 :  4.1662475e-01  3.8972825e-01 
   238 :  3.1320961e-04 -8.2026903e-01 
   239 : -6.6680398e-03  8.2322204e-01 
   240 :  1.1671311e-01 -7.9699634e-01 
   241 : -1.1055521e-01  7.9283858e-01 
   242 : -1.0973487e-01 -7.9771856e-01 
   243 :  1.0828712e-01  7.9561038e-01 
   244 :  2.0004562e-01 -7.3454832e-01 
   245 : -2.0110209e-01  7.2862823e-01 
   246 : -1.9635856e-01 -7.4085893e-01 
   247 :  1.9635856e-01  7.4085893e-01 
   248 : -2.6862843e-01 -5.8249162e-01 
   249 :  2.6863715e-01  5.8248772e-01 
   250 :  2.5675085e-01 -6.3355539e-01 
   251 : -2.5628752e-01  6.3764126e-01 
   252 :  3.8524571e-01  7.0614563e-01 
   253 : -3.8534144e-01 -7.0663441e-01 
   254 :  9.1052287e-02 -9.6669081e-01 
   255 : -8.8769974e-02  9.5562159e-01 
   256 : -9.2134523e-02 -9.5329371e-01 
   257 :  9.0649845e-02  9.5755100e-01 
   258 :  2.5181440e-01 -8.8333591e-01 
   259 : -2.5398406e-01  8.7931495e-01 
   260 : -2.4658201e-01 -8.7971605e-01 
   261 :  2.5303954e-01  8.8481001e-01 
   262 : -4.2165331e-01  3.3466920e-01 
   263 : -2.7101274e-01  1.4380435e-01 
   264 : -4.1748726e-01  4.3141304e-01 
   265 :  4.1885508e-01 -4.3141304e-01 
   266 :  2.7274723e-01 -4.7841748e-01 
   267 : -2.7101274e-01  4.7934783e-02 
   268 :  4.1748726e-01  4.7934783e-02 
   269 : -2.7101274e-01 -4.7934783e-02 
   270 : -2.7101274e-01 -1.9173913e-01 
   271 :  4.1748726e-01  1.9173913e-01 
   272 :  4.1190481e-01  5.2408200e-01 
   273 :  2.7101274e-01  2.3967391e-01 
   274 :  2.6996779e-01  3.3527054e-01 
   275 :  3.6691000e-01 -7.4577337e-01 
   276 : -3.6969682e-01  7.5354379e-01 
   277 :  4.1623069e-01 -6.1966626e-01 
   278 : -4.1056392e-01  6.1650254e-01 
   279 : -3.4058261e-01 -7.8365044e-01 
   280 :  3.4057961e-01  7.8366282e-01 
   281 :  2.7101274e-01 -2.8760870e-01 
   282 :  2.7101274e-01 -9.5869565e-02 
   283 :  4.1748726e-01 -1.9173913e-01 
   284 : -4.1748726e-01  5.2728261e-01 
   285 : -2.7274611e-01 -4.7840220e-01 
   286 : -2.7101274e-01 -2.8760870e-01 
   287 : -4.2216750e-01 -3.8202259e-01 
   288 : -4.1543977e-01 -5.7377449e-01 
   289 :  4.1413937e-01  6.1281942e-01 
   290 :  3.1719262e-01 -8.2534940e-01 
   291 : -3.2417352e-01  8.2124057e-01 
   292 :  1.7437398e-01 -9.2815318e-01 
   293 : -1.6969042e-01  9.3029024e-01 
   294 : -1.7115873e-01 -9.2712346e-01 
   295 :  1.7435456e-01  9.3223217e-01 
   296 : -4.4112161e-03 -9.6730033e-01 
   297 : -1.7841961e-09  9.6653579e-01 
   298 :  2.6879954e-01 -5.8352555e-01 
   299 :  3.0386158e-01 -6.1613867e-01 
   300 :  3.1861168e-01 -5.7146810e-01 
   301 :  2.9569343e-01 -6.6406050e-01 
   302 :  3.3947288e-01 -6.4882779e-01 
   303 :  2.5591209e-01  6.3199648e-01 
   304 :  3.0355104e-01  6.1577431e-01 
   305 :  3.1853455e-01  5.7123434e-01 
   306 :  2.9569595e-01  6.6406731e-01 
   307 :  3.3375409e-01  6.4873984e-01 
   308 : -2.5590481e-01 -6.3198271e-01 
   309 : -3.0353645e-01 -6.1577144e-01 
   310 : -3.1517452e-01 -5.7090229e-01 
   311 : -2.9566098e-01 -6.6398083e-01 
   312 : -3.4100183e-01 -6.4645711e-01 
   313 : -2.3116263e-01  6.8466105e-01 
   314 : -2.5138784e-01  7.3214527e-01 
   315 : -2.2184541e-01  7.7323662e-01 
   316 : -2.8211900e-01  6.7892024e-01 
   317 : -3.0551038e-01  6.3394629e-01 
   318 : -3.3088755e-01  6.7509053e-01 
   319 :  1.6556314e-01 -7.7102806e-01 
   320 :  1.5742570e-01 -8.2209881e-01 
   321 :  1.1744508e-01 -8.4754698e-01 
   322 :  2.1656922e-01 -7.7750329e-01 
   323 :  2.4733627e-01 -7.4522576e-01 
   324 :  7.5405680e-02 -8.2708125e-01 
   325 :  7.7514334e-02 -8.7441581e-01 
   326 : -1.5469494e-01 -7.7849683e-01 
   327 : -2.0748951e-01 -7.8960199e-01 
   328 : -2.4308978e-01 -7.5628310e-01 
   329 : -1.7373525e-01 -8.2958687e-01 
   330 : -2.5239165e-01 -8.0183434e-01 
   331 :  1.5369913e-01  7.7821797e-01 
   332 :  2.0675889e-01  7.8698093e-01 
   333 :  2.4522694e-01  7.5344945e-01 
   334 :  1.7569636e-01  8.2703399e-01 
   335 :  2.5194579e-01  7.9951334e-01 
   336 : -6.4250282e-02  8.1727518e-01 
   337 : -3.9119752e-02  8.6493942e-01 
   338 :  1.2313588e-02  8.7007224e-01 
   339 : -8.4948190e-02  8.6325700e-01 
   340 :  4.3154235e-02  8.3396667e-01 
   341 :  5.9412454e-02  8.7879683e-01 
   342 : -4.8095108e-02 -8.2111072e-01 
   343 : -9.3764088e-02 -8.4854292e-01 
   344 : -4.9885386e-02 -8.7267145e-01 
   345 : -2.4309400e-01 -6.7677671e-01 
   346 :  2.4309184e-01  6.7679501e-01 
   347 : -1.6204208e-01  7.7052244e-01 
   348 : -1.4923419e-01  8.1989376e-01 
   349 : -3.0007543e-01  7.2480894e-01 
   350 : -2.8157680e-01  5.9538994e-01 
   351 : -3.2938788e-01  5.9355257e-01 
   352 : -1.8830395e-02  9.1034350e-01 
   353 :  2.6310571e-01 -7.8776071e-01 
   354 :  2.9566385e-01 -7.5145657e-01 
   355 :  2.2630406e-01 -8.1632901e-01 
   356 :  2.4273426e-01 -6.7474072e-01 
   357 :  1.6117546e-01 -8.7058939e-01 
   358 : -2.7113533e-01  7.7341069e-01 
   359 : -2.4814793e-01  8.2147556e-01 
   360 :  3.3537213e-01 -6.9573230e-01 
   361 : -9.0639927e-02 -8.9963486e-01 
   362 : -1.3968764e-01 -8.7741713e-01 
   363 : -3.9777996e-02 -9.2627297e-01 
   364 : -5.8082208e-03 -8.9316963e-01 
   365 :  3.7930769e-01 -6.7704571e-01 
   366 : -2.7965537e-01 -7.1965000e-01 
   367 : -3.2670891e-01 -7.0262875e-01 
   368 :  2.7995707e-01  7.1928971e-01 
   369 :  3.2666885e-01  7.0276124e-01 
   370 :  2.8273548e-01  5.3323542e-01 
   371 :  3.1863481e-01  4.9585247e-01 
   372 :  3.0966751e-01  4.4950590e-01 
   373 :  3.5198475e-01  4.6671796e-01 
   374 :  3.4544399e-01  4.2087758e-01 
   375 :  3.0516833e-01  4.0188270e-01 
   376 :  3.4018330e-01  3.7519887e-01 
   377 :  3.8910828e-01  4.3893996e-01 
   378 :  3.6260651e-01  5.1381927e-01 
   379 :  2.8273557e-01 -5.3323477e-01 
   380 :  3.1863319e-01 -4.9582869e-01 
   381 :  3.0992113e-01 -4.4975885e-01 
   382 :  3.4540435e-01 -4.6680809e-01 
   383 :  3.4578902e-01 -4.2511473e-01 
   384 :  3.7112387e-01 -5.0313172e-01 
   385 : -2.8272928e-01 -5.3320335e-01 
   386 : -3.1864958e-01 -4.9581194e-01 
   387 : -3.0992443e-01 -4.4972176e-01 
   388 : -3.5204924e-01 -4.6671655e-01 
   389 : -3.4865815e-01 -4.2267188e-01 
   390 : -3.6265766e-01 -5.1381372e-01 
   391 : -2.8976990e-01 -7.7114599e-01 
   392 : -2.9790794e-01 -8.1986134e-01 
   393 :  2.9009857e-01  7.7024128e-01 
   394 :  3.0056736e-01  8.2071062e-01 
   395 : -3.8648923e-01 -4.4640340e-01 
   396 :  2.9960380e-02 -8.5566299e-01 
   397 :  9.6059527e-02  8.4027339e-01 
   398 :  1.0214974e-01  8.8901470e-01 
   399 :  4.1748726e-01 -1.2220551e-12 
   400 :  3.7597452e-01  2.3967391e-02 
   401 :  3.7597452e-01  7.1902174e-02 
   402 :  3.7597452e-01 -2.3967391e-02 
   403 :  3.3516845e-01  4.9158767e-02 
   404 :  3.3622459e-01  9.6073563e-02 
   405 :  3.7626832e-01  1.1987096e-01 
   406 :  3.3540388e-01  1.4381467e-01 
   407 :  2.9988610e-01  7.4588140e-02 
   408 :  3.7618050e-01  1.6777913e-01 
   409 :  3.3536091e-01  1.9173990e-01 
   410 :  3.7615871e-01  2.1570788e-01 
   411 :  3.3535810e-01  2.3967401e-01 
   412 :  3.7615460e-01  2.6364155e-01 
   413 :  3.3649070e-01  2.8711364e-01 
   414 :  3.7768480e-01  3.1052325e-01 
   415 : -2.7101274e-01 -9.5869565e-02 
   416 : -3.1181881e-01 -7.0678189e-02 
   417 : -3.1006966e-01 -1.1840897e-01 
   418 : -3.1240770e-01 -2.3763394e-02 
   419 : -3.5254654e-01 -4.7401990e-02 
   420 : -3.5403822e-01  1.1924350e-12 
   421 : -3.1250585e-01  2.4001391e-02 
   422 : -3.5403822e-01  4.7934783e-02 
   423 : -3.1252221e-01  7.1907841e-02 
   424 : -3.5403822e-01  9.5869565e-02 
   425 : -3.1252493e-01  1.1983790e-01 
   426 : -3.5403822e-01  1.4380435e-01 
   427 : -3.1252539e-01  1.6777190e-01 
   428 : -3.5403822e-01  1.9173913e-01 
   429 : -3.1252546e-01  2.1570655e-01 
   430 : -3.5239319e-01  2.3967392e-01 
   431 : -3.1225130e-01  2.6364131e-01 
   432 : -3.5301168e-01  2.8638471e-01 
   433 : -3.8858022e-01  2.6098934e-01 
   434 : -3.1230869e-01  3.1137209e-01 
   435 : -3.5149296e-01  3.3408150e-01 
   436 : -3.1252548e-01  3.5951087e-01 
   437 : -3.5215712e-01  3.8335394e-01 
   438 : -3.1221196e-01  4.0742493e-01 
   439 : -3.5309369e-01  4.3140675e-01 
   440 : -3.1231580e-01  4.5537593e-01 
   441 : -3.5313883e-01  4.7934736e-01 
   442 : -3.1187065e-01  5.0250035e-01 
   443 : -3.4964370e-01  5.2454931e-01 
   444 : -2.7061368e-01  4.7876964e-01 
   445 : -2.7096704e-01  2.3967392e-01 
   446 : -2.7098984e-01  3.9666174e-05 
   447 : -4.1748726e-01 -4.7934783e-02 
   448 : -4.1913229e-01 -9.5869565e-02 
   449 : -3.8033641e-01 -1.1896268e-01 
   450 : -3.8253383e-01 -1.6884991e-01 
   451 :  4.1748726e-01  2.3967391e-01 
   452 :  4.1748726e-01 -3.3554348e-01 
   453 :  3.7597443e-01 -3.1157609e-01 
   454 :  3.7597448e-01 -2.6364125e-01 
   455 :  3.7802648e-01 -3.5856111e-01 
   456 :  3.3553571e-01 -3.3525510e-01 
   457 :  3.3446157e-01 -2.8760864e-01 
   458 :  3.3446170e-01 -2.3967378e-01 
   459 :  4.1754676e-01  1.4380927e-01 
   460 : -2.7101274e-01 -2.3967391e-01 
   461 : -3.1252586e-01 -2.6364116e-01 
   462 : -3.1252564e-01 -3.1157619e-01 
   463 : -3.5404003e-01 -2.8760870e-01 
   464 : -3.5403963e-01 -3.3554592e-01 
   465 : -3.5300897e-01 -2.3999185e-01 
   466 : -3.1164726e-01 -2.1698337e-01 
   467 : -2.7060344e-01 -1.4356635e-01 
   468 : -4.1748726e-01 -2.3967391e-01 
   469 :  3.3691760e-01  1.4279822e-03 
   470 :  3.3633527e-01 -4.7813356e-02 
   471 :  3.7628677e-01 -7.1881936e-02 
   472 :  3.3540593e-01 -9.5863419e-02 
   473 :  3.7618392e-01 -1.1983256e-01 
   474 :  3.3536115e-01 -1.4380389e-01 
   475 : -2.7101210e-01  9.5870667e-02 
   476 :  2.7101274e-01 -2.3967391e-01 
   477 :  4.1748725e-01 -2.3967390e-01 
   478 :  2.7010432e-01 -3.3554384e-01 
   479 : -2.7097661e-01  3.3550948e-01 
   480 : -4.1748726e-01  1.4380435e-01 
   481 :  2.7101274e-01 -1.4380435e-01 
   482 :  2.7101274e-01  1.9173913e-01 
   483 :  2.7101274e-01  2.8760870e-01 
   484 :  4.2192603e-01  4.7316315e-01 
   485 :  3.7231527e-01  5.6982040e-01 
   486 :  4.1902046e-01 -4.7984581e-01 
   487 :  3.6939639e-01 -5.5868969e-01 
   488 : -4.1748726e-01  4.7934783e-01 
   489 : -4.1748726e-01  4.7934783e-02 
   490 :  4.1753930e-01 -4.7931410e-02 
   491 :  2.6899382e-01 -4.7860440e-02 
   492 : -4.1854590e-01 -3.3548032e-01 
   493 :  4.1841042e-01  3.3640967e-01 
   494 : -4.1748726e-01 -1.9173913e-01 
   495 : -4.1950618e-01  3.8340392e-01 
   496 :  4.1752216e-01 -1.4380361e-01 
   497 : -2.7100511e-01  1.9173916e-01 
   498 :  4.1754614e-01  9.5876053e-02 
   499 :  3.7616514e-01 -1.6777079e-01 
   500 : -2.7085903e-01  4.3131248e-01 
   501 :  3.7600628e-01 -2.1570632e-01 
   502 :  4.1956092e-01 -3.8331997e-01 
   503 :  3.3535979e-01 -1.9173901e-01 
   504 : -3.0956348e-01 -1.6893077e-01 
   505 : -2.7073845e-01 -3.3554635e-01 
   506 : -3.1049234e-01 -3.5851726e-01 
   507 : -3.2114446e-01  7.7178319e-01 
   508 : -4.0896152e-01 -5.2284789e-01 
   509 : -3.6343335e-01  6.3344208e-01 
   510 : -3.7996031e-01  6.7543563e-01 
   511 :  1.4068673e-01  8.5603290e-01 
   512 : -1.2637007e-01 -9.2379397e-01 
   513 : -1.9055809e-01 -8.7660397e-01 
   514 : -2.2123907e-01 -8.3982766e-01 
   515 :  3.9847969e-02 -9.0395631e-01 
   516 :  2.8229572e-01 -7.1102055e-01 
   517 : -4.1795987e-01  5.7284322e-01 
   518 : -3.0788251e-01  5.5212081e-01 
   519 :  1.2388065e-01 -8.9790625e-01 
   520 :  2.0417790e-01 -8.8693262e-01 
   521 :  2.8120783e-02  9.1486611e-01 
   522 : -4.5951722e-02  9.4495877e-01 
   523 : -6.6542848e-02  9.0574367e-01 
   524 : -1.1881225e-01  9.0686112e-01 
   525 : -3.7619994e-01  5.8824297e-01 
   526 :  2.6907316e-01 -4.3065017e-01 
   527 : -2.6901922e-01 -4.3064110e-01 
   528 : -1.9799099e-01  8.1596751e-01 
   529 : -1.8318278e-01  8.5879385e-01 
   530 :  2.6902558e-01  4.2837852e-01 
   531 : -3.4607930e-01 -6.0180704e-01 
   532 : -3.7570293e-01 -6.3429357e-01 
   533 : -3.6569265e-01 -5.5799736e-01 
   534 :  3.4031627e-01  6.0660504e-01 
   535 :  3.4607491e-01 -6.0180665e-01 
   536 :  4.6745190e-02  9.6025105e-01 
   537 :  3.3830739e-01 -7.8008799e-01 
   538 : -2.0910445e-01  8.9991612e-01 
   539 :  2.1276345e-01  9.0917878e-01 
   540 :  2.1013140e-01  8.6300635e-01 
   541 :  2.9350231e-01 -8.6034046e-01 
   542 : -2.8973079e-01  8.5029407e-01 
   543 :  4.0219172e-01  6.6245441e-01 
   544 :  1.3417446e-01 -9.4946561e-01 
   545 : -1.3399231e-01  9.5278854e-01 
   546 :  1.3417446e-01  9.4946561e-01 
   547 : -4.6613904e-02 -9.7123506e-01 
   548 :  4.4866223e-02 -9.5683371e-01 
   549 :  3.6455713e-01  7.4501817e-01 
   550 : -3.6458326e-01 -7.4506311e-01 
   551 : -2.1634323e-01 -9.1342556e-01 
   552 :  3.8066574e-01  3.5951087e-01 
   553 :  4.2273376e-01  5.7176969e-01 
   554 :  4.1651253e-01 -5.7625953e-01 
   555 : -1.3087960e-01  8.5913156e-01 
   556 :  3.4211291e-01 -3.8224479e-01 
   557 :  3.0654734e-01 -4.0512765e-01 
   558 : -3.0966375e-01 -4.0373977e-01 
   559 :  3.3931167e-01  3.3267299e-01 
   560 : -1.3394174e-01 -8.2966804e-01 
   561 :  2.6751683e-01  3.8067672e-01 
   562 : -3.4851721e-01 -3.7978289e-01 
   563 : -3.2161202e-01 -7.4476167e-01 
   564 :  3.2168705e-01  7.4461647e-01 
   565 : -4.0489743e-01 -6.6614968e-01 
   566 :  1.7225357e-01  8.8507571e-01 
   567 :  1.9315769e-01 -8.4281024e-01 
   568 : -3.8797639e-01  3.1054072e-01 
   569 : -4.2302257e-01  2.3917882e-01 
   570 :  2.6547182e-01  9.6370329e-02 
   571 : -3.4747768e-01 -9.5193060e-02 
   572 :  3.0044978e-01  2.5002759e-02 
   573 : -3.4780797e-01 -1.9237780e-01 
   574 : -2.8656839e-01 -8.6114807e-01 
   575 :  2.8740693e-01  8.6217405e-01 
   576 :  7.0430875e-02  9.2072985e-01 
   577 :  2.1785112e-01  8.2438016e-01 
   578 :  3.8499671e-01 -4.0744565e-01 
   579 :  8.1979185e-02 -9.2114999e-01 
   580 : -3.8864584e-01  7.1692840e-01 
   581 : -2.2093667e-01  8.5352098e-01 
   582 :  3.0273726e-01 -1.1983696e-01 
   583 :  3.0287038e-01 -7.1868521e-02 
   584 : -3.8576274e-01  1.1983696e-01 
   585 : -3.8576274e-01  1.6777174e-01 
   586 : -3.8576274e-01  7.1902174e-02 
   587 : -3.8642478e-01  3.5891582e-01 
   588 :  3.0206892e-01 -2.3372883e-02 
   589 : -3.8573863e-01  4.0731232e-01 
   590 : -3.8564928e-01  4.5537193e-01 
   591 : -3.8576274e-01  2.3967391e-02 
   592 : -3.8576274e-01 -2.3967391e-02 
   593 :  3.0288617e-01  1.6782669e-01 
   594 :  3.0273726e-01  2.1570652e-01 
   595 :  3.0273726e-01  2.6364130e-01 
   596 :  3.0273725e-01 -1.6777174e-01 
   597 : -3.4629817e-01 -1.4378720e-01 
   598 :  3.0273717e-01 -2.1570652e-01 
   599 :  3.0273717e-01 -2.6364127e-01 
   600 :  3.0273711e-01 -3.1157609e-01 
   601 : -3.8576365e-01 -3.1157609e-01 
   602 : -3.8576365e-01 -2.6364130e-01 
   603 : -3.8576274e-01  5.0331522e-01 
   604 : -3.8584430e-01 -2.1570652e-01 
   605 : -3.8568079e-01  2.1570652e-01 
   606 : -4.2320541e-01  2.8676591e-01 
   607 :  2.6527573e-01  4.8784178e-02 
   608 : -3.8530996e-01 -7.1811779e-02 
   609 :  3.0281921e-01  1.1983696e-01 
   610 : -3.8573014e-01 -3.5890584e-01 
   611 :  3.0283712e-01  3.1140472e-01 
   612 :  3.0257907e-01 -3.5951087e-01 
   613 : -3.4434706e-01  7.1596020e-01 
   614 :  3.7440521e-01  3.9685111e-01 
   615 : -3.8500650e-01  5.4941750e-01 
   616 :  3.0302320e-01  3.5766111e-01 
   617 : -1.6079597e-01  8.9118970e-01 
   618 :  4.2923917e-01  4.3141304e-01 
   619 :  2.5343627e-01  8.4201138e-01 
   620 : -4.2558574e-01 -4.2925012e-01 
   621 : -3.8619133e-01 -4.0317279e-01 
   622 :  9.1053945e-03 -9.2901478e-01 
   623 :  3.8918350e-01 -7.1366044e-01 
   624 :  3.2775298e-01 -7.3462876e-01 
   625 :  3.3210014e-01 -5.3247059e-01 
   626 :  3.3070205e-01  5.3577396e-01 
   627 : -3.2928825e-01 -5.3403717e-01 
   628 : -3.5474379e-01  7.9269635e-01 
   629 : -4.1368284e-01 -6.1909769e-01 
   630 : -1.4404392e-02 -8.5524862e-01 
   631 :  4.0117591e-02 -8.1040470e-01 
   632 :  7.3526770e-02  8.0674174e-01 
   633 : -3.8331950e-01 -5.9739403e-01 
   634 :  3.8332412e-01 -4.5317525e-01 
   635 :  3.7897958e-01 -6.3353096e-01 
   636 :  1.3967850e-01  9.1058414e-01 
   637 : -3.5965962e-01 -6.7806966e-01 
   638 :  3.6075032e-01  6.7492998e-01 
   639 :  2.6801908e-01 -8.3138163e-01 
   640 :  3.7342641e-01  6.2745631e-01 
   641 :  4.1155192e-01 -6.5559475e-01 
   642 :  1.9180396e-01 -8.0595388e-01 
   643 :  1.3679398e-01  8.1955074e-01 
   644 : -2.5905141e-01 -8.3901506e-01 
   645 :  2.9735831e-01 -7.9307568e-01 
   646 :  2.2202535e-01 -9.2010254e-01 
   647 : -3.5009186e-01  5.6266735e-01 
   648 : -4.1228462e-01  6.5464450e-01 
   649 :  3.8430405e-01 -5.9759918e-01 
   650 : -2.6298364e-01  5.6231304e-01 
   651 : -2.8637526e-01  8.0965195e-01 
   652 :  3.8544786e-01  4.8457082e-01 
   653 : -3.8572685e-01 -4.8493108e-01 
   654 : -1.0317763e-01  8.3063909e-01 
   655 :  2.2869463e-01 -8.5215788e-01 
   656 :  1.0741668e-01  9.2546906e-01 
   657 : -1.3733205e-01 -9.5822287e-01 
   658 :  2.3170272e-01  7.1801485e-01 
   659 : -2.3067047e-01 -7.1734065e-01 
   660 : -4.6802238e-02  9.8026817e-01 
   661 :  2.2919880e-01 -7.1255237e-01 
Number of edges 218 
     0 :      5     10 
     1 :     10     11 
     2 :     11     12 
     3 :     12     13 
     4 :     13     14 
     5 :     14     15 
     6 :     15     16 
     7 :     16     17 
     8 :     17     18 
     9 :     18     19 
    10 :     19     20 
    11 :     20     21 
    12 :     21     22 
    13 :     22     23 
    14 :     23     24 
    15 :     24     25 
    16 :     25     26 
    17 :     26     27 
    18 :     27     28 
    19 :     28     29 
    20 :     29     30 
    21 :     30     31 
    22 :     31      0 
    23 :      0     32 
    24 :     32     33 
    25 :     33     34 
    26 :     34     35 
    27 :     35     36 
    28 :     36     37 
    29 :     37     38 
    30 :     38     39 
    31 :     39     40 
    32 :     40     41 
    33 :     41     42 
    34 :     42     43 
    35 :     43     44 
    36 :     44     45 
    37 :     45     46 
    38 :     46     47 
    39 :     47     48 
    40 :     48     49 
    41 :     49      2 
    42 :      2     50 
    43 :     50     51 
    44 :     51     52 
    45 :     52     53 
    46 :     53     54 
    47 :     54     55 
    48 :     55     56 
    49 :     56     57 
    50 :     57     58 
    51 :     58     59 
    52 :     59     60 
    53 :     60     61 
    54 :     61     62 
    55 :     62     63 
    56 :     63     64 
    57 :     64     65 
    58 :     65     66 
    59 :     66     67 
    60 :     67     68 
    61 :     68     69 
    62 :     69     70 
    63 :     70     71 
    64 :     71      3 
    65 :      3     72 
    66 :     72     73 
    67 :     73     74 
    68 :     74     75 
    69 :     75     76 
    70 :     76     77 
    71 :     77     78 
    72 :     78     79 
    73 :     79     80 
    74 :     80     81 
    75 :     81     82 
    76 :     82     83 
    77 :     83     84 
    78 :     84     85 
    79 :     85     86 
    80 :     86     87 
    81 :     87     88 
    82 :     88     89 
    83 :     89      5 
    84 :      0     90 
    85 :     90     91 
    86 :     91     92 
    87 :     92     93 
    88 :     93     94 
    89 :     94     95 
    90 :     95     96 
    91 :     96     97 
    92 :     97     98 
    93 :     98     99 
    94 :     99    100 
    95 :    100    101 
    96 :    101    102 
    97 :    102    103 
    98 :    103    104 
    99 :    104    105 
   100 :    105    106 
   101 :    106    107 
   102 :    107    108 
   103 :    108    109 
   104 :    109    110 
   105 :    110    111 
   106 :    111    112 
   107 :    112    113 
   108 :    113    114 
   109 :    114    115 
   110 :    115    116 
   111 :    116    117 
   112 :    117      2 
   113 :      3    118 
   114 :    118    119 
   115 :    119    120 
   116 :    120    121 
   117 :    121    122 
   118 :    122    123 
   119 :    123    124 
   120 :    124    125 
   121 :    125    126 
   122 :    126    127 
   123 :    127    128 
   124 :    128    129 
   125 :    129    130 
   126 :    130    131 
   127 :    131    132 
   128 :    132    133 
   129 :    133    134 
   130 :    134    135 
   131 :    135    136 
   132 :    136    137 
   133 :    137    138 
   134 :    138    139 
   135 :    139    140 
   136 :    140    141 
   137 :    141    142 
   138 :    142    143 
   139 :    143    144 
   140 :    144    145 
   141 :    145      5 
   142 :      9    146 
   143 :    146    147 
   144 :    147    148 
   145 :    148    149 
   146 :    149    150 
   147 :    150    151 
   148 :    151    152 
   149 :    152    153 
   150 :    153    154 
   151 :    154    155 
   152 :    155    156 
   153 :    156    157 
   154 :    157    158 
   155 :    158    159 
   156 :    159    160 
   157 :    160    161 
   158 :    161    162 
   159 :    162    163 
   160 :    163    164 
   161 :    164    165 
   162 :    165    166 
   163 :    166    167 
   164 :    167      6 
   165 :      7    168 
   166 :    168    169 
   167 :    169    170 
   168 :    170    171 
   169 :    171    172 
   170 :    172    173 
   171 :    173    174 
   172 :    174    175 
   173 :    175    176 
   174 :    176    177 
   175 :    177    178 
   176 :    178    179 
   177 :    179    180 
   178 :    180    181 
   179 :    181    182 
   180 :    182    183 
   181 :    183    184 
   182 :    184    185 
   183 :    185    186 
   184 :    186    187 
   185 :    187    188 
   186 :    188    189 
   187 :    189      8 
   188 :      6    190 
   189 :    190    191 
   190 :    191    192 
   191 :    192    193 
   192 :    193    194 
   193 :    194    195 
   194 :    195    196 
   195 :    196    197 
   196 :    197    198 
   197 :    198    199 
   198 :    199    200 
   199 :    200    201 
   200 :    201    202 
   201 :    202    203 
   202 :    203      7 
   203 :      8    204 
   204 :    204    205 
   205 :    205    206 
   206 :    206    207 
   207 :    207    208 
   208 :    208    209 
   209 :    209    210 
   210 :    210    211 
   211 :    211    212 
   212 :    212    213 
   213 :    213    214 
   214 :    214    215 
   215 :    215    216 
   216 :    216    217 
   217 :    217      9 
Number of triangles 1068 
     0 :    523    255    524
     1 :    524    255    545
     2 :     95     96    392
     3 :    123    124    394
     4 :    315    347    528
     5 :    279     95    392
     6 :    280    123    394
     7 :    384    486    634
     8 :    362    329    513
     9 :    485    289    640
    10 :    326    246    327
    11 :    331    247    332
    12 :    342    242    343
    13 :    319    240    320
    14 :    336    239    337
    15 :    508    288    533
    16 :    329    362    560
    17 :    193    246    326
    18 :    207    247    331
    19 :    199    240    319
    20 :    195    242    342
    21 :    211    239    336
    22 :    303    306    346
    23 :    315    245    347
    24 :    308    311    345
    25 :    390    508    533
    26 :    384    226    486
    27 :    294    362    513
    28 :    345    311    366
    29 :    346    306    368
    30 :    316    314    349
    31 :    534    485    640
    32 :    292    357    519
    33 :    337    352    523
    34 :    515    548    579
    35 :    544    519    579
    36 :    313    314    316
    37 :    297    352    521
    38 :    363    296    622
    39 :    382    384    634
    40 :    362    294    512
    41 :    485    305    626
    42 :    300    487    625
    43 :    305    485    534
    44 :    487    300    535
    45 :    367    253    550
    46 :    296    363    547
    47 :    369    252    549
    48 :      8    189    370
    49 :    168      7    379
    50 :      6    167    385
    51 :    292    519    544
    52 :    359    259    542
    53 :    259    359    581
    54 :    189    232    370
    55 :    266    168    379
    56 :    167    285    385
    57 :    548    515    622
    58 :    289    485    553
    59 :    339    337    523
    60 :    260    513    514
    61 :    529    538    581
    62 :    538    529    617
    63 :    254    544    579
    64 :    278    509    648
    65 :    293    524    545
    66 :    524    293    617
    67 :    361    256    363
    68 :    354    537    624
    69 :    360    275    623
    70 :    334    540    566
    71 :    509    510    648
    72 :    367    550    563
    73 :    369    549    564
    74 :    511    334    566
    75 :    537    354    645
    76 :    513    260    551
    77 :    347    348    528
    78 :    130    131    536
    79 :    393    368    564
    80 :    328    366    391
    81 :    391    366    563
    82 :    333    368    393
    83 :    349    314    358
    84 :    318    316    349
    85 :    352    297    522
    86 :    275    360    624
    87 :    391    279    392
    88 :    393    280    394
    89 :    357    292    520
    90 :    507    276    613
    91 :    324    198    631
    92 :    340    210    632
    93 :    378    272    485
    94 :    226    384    487
    95 :    240    198    324
    96 :    239    210    340
    97 :    308    248    309
    98 :    298    250    299
    99 :    303    249    304
   100 :    251    313    316
   101 :    347    241    348
   102 :    313    245    314
   103 :    349    507    613
   104 :    349    358    507
   105 :    370    232    371
   106 :    266    379    380
   107 :    306    307    369
   108 :    548    254    579
   109 :    385    285    386
   110 :    311    312    367
   111 :    297    521    536
   112 :    329    327    514
   113 :    256    361    512
   114 :    252    369    638
   115 :    253    367    637
   116 :    194    193    326
   117 :    208    207    331
   118 :    200    199    319
   119 :    196    195    342
   120 :    212    211    336
   121 :    202    201    356
   122 :    377    237    618
   123 :    249      8    370
   124 :    327    330    514
   125 :      7    298    379
   126 :    248      6    385
   127 :    217    251    350
   128 :    509    278    525
   129 :    203    250    298
   130 :    204    249    303
   131 :    190    248    308
   132 :    245    214    347
   133 :    213    241    347
   134 :    205    303    346
   135 :    191    308    345
   136 :    251    216    313
   137 :    215    245    313
   138 :    326    329    560
   139 :    301    250    356
   140 :    365    360    623
   141 :    237    377    614
   142 :    258    639    655
   143 :    352    522    523
   144 :    242    326    560
   145 :    360    516    624
   146 :    247    206    658
   147 :    246    192    659
   148 :    206    346    658
   149 :    192    345    659
   150 :    532    565    637
   151 :    143    510    580
   152 :    510    143    648
   153 :    272    378    652
   154 :    538    259    581
   155 :    543    638    640
   156 :    327    246    328
   157 :    332    247    333
   158 :    320    240    321
   159 :    337    239    338
   160 :    326    327    329
   161 :    331    332    334
   162 :    336    337    339
   163 :    342    343    344
   164 :    287    620    621
   165 :    508    390    653
   166 :    217    350    650
   167 :    318    349    613
   168 :    530    187    561
   169 :    369    307    638
   170 :    378    485    626
   171 :    487    384    625
   172 :    131    297    536
   173 :    257    130    536
   174 :    513    329    514
   175 :    367    312    637
   176 :    293    538    617
   177 :    455    556    578
   178 :    312    532    637
   179 :    348    241    654
   180 :    115    365    623
   181 :    360    301    516
   182 :    301    356    516
   183 :    620    395    621
   184 :    258    541    639
   185 :    368    369    564
   186 :    365    115    641
   187 :    533    288    633
   188 :    366    367    563
   189 :    578    383    634
   190 :    363    256    547
   191 :    392     96    574
   192 :    394    124    575
   193 :    529    555    617
   194 :    529    348    555
   195 :    366    311    367
   196 :    555    348    654
   197 :    368    306    369
   198 :    469    572    588
   199 :    568    435    587
   200 :    417    571    597
   201 :    573    504    597
   202 :    570    180    607
   203 :     15    569    606
   204 :    364    363    622
   205 :    198    197    631
   206 :    210    209    632
   207 :    356    201    661
   208 :    383    382    634
   209 :    304    249    305
   210 :    298    299    300
   211 :    350    351    518
   212 :    309    248    310
   213 :    510    318    613
   214 :    266    380    381
   215 :    371    232    372
   216 :    386    285    387
   217 :    558    506    562
   218 :    308    309    311
   219 :    580    510    613
   220 :    251    316    317
   221 :    314    245    315
   222 :    299    250    301
   223 :    303    304    306
   224 :    361    362    512
   225 :    516    354    624
   226 :    321    240    324
   227 :    338    239    340
   228 :    556    383    578
   229 :    375    530    561
   230 :      0     90    288
   231 :    344    343    361
   232 :    320    321    357
   233 :    337    338    352
   234 :    327    328    330
   235 :    332    333    335
   236 :    305    249    370
   237 :    298    300    379
   238 :    359    542    651
   239 :    310    248    385
   240 :    251    317    350
   241 :    371    372    373
   242 :    381    380    382
   243 :    407    570    607
   244 :    569    433    606
   245 :    386    387    388
   246 :    572    228    588
   247 :    262    568    587
   248 :    571    449    597
   249 :    450    573    597
   250 :    396    364    515
   251 :    414    552    559
   252 :    118    119    289
   253 :    398    511    636
   254 :    107    108    292
   255 :    135    136    293
   256 :     99    100    294
   257 :    127    128    295
   258 :    103    104    296
   259 :    131    132    297
   260 :    111    112    290
   261 :    139    140    291
   262 :    116    117    277
   263 :    144    145    278
   264 :    113    114    275
   265 :    141    142    276
   266 :     97     98    260
   267 :    125    126    261
   268 :    109    110    258
   269 :    137    138    259
   270 :    105    106    254
   271 :    133    134    255
   272 :    101    102    256
   273 :    129    130    257
   274 :     92     93    253
   275 :    120    121    252
   276 :     94     95    279
   277 :    122    123    280
   278 :    311    309    312
   279 :    388    387    389
   280 :    381    382    383
   281 :    373    372    374
   282 :    314    315    358
   283 :    371    373    378
   284 :    382    380    384
   285 :    317    316    318
   286 :    306    304    307
   287 :    299    301    302
   288 :    350    317    351
   289 :    321    324    325
   290 :    338    340    341
   291 :    361    343    362
   292 :    388    389    395
   293 :    373    374    377
   294 :    374    372    375
   295 :    507    358    651
   296 :    374    375    376
   297 :    463    461    465
   298 :    325    324    396
   299 :    456    453    457
   300 :    457    454    458
   301 :    453    454    457
   302 :    453    219    454
   303 :    465    461    466
   304 :    153    152    497
   305 :    263    425    475
   306 :    224    436    479
   307 :    152    151    445
   308 :    431    218    434
   309 :    152    445    497
   310 :    425    263    427
   311 :    425    423    475
   312 :    434    218    479
   313 :    436    224    438
   314 :    440    438    500
   315 :    436    434    479
   316 :    423    267    475
   317 :    421    267    423
   318 :    438    224    500
   319 :    146    227    444
   320 :    227    442    444
   321 :    147    146    444
   322 :    235    412    451
   323 :    151    218    445
   324 :    218    431    445
   325 :    271    408    459
   326 :     65     66    451
   327 :    157    156    446
   328 :     23    230    448
   329 :    408    271    410
   330 :    410    271    451
   331 :     64    271    459
   332 :    267    421    446
   333 :    263    153    497
   334 :    427    263    497
   335 :    448    230    449
   336 :    412    410    451
   337 :     63     64    459
   338 :    156    267    446
   339 :    269    157    446
   340 :     66    235    451
   341 :    402    471    490
   342 :    444    440    500
   343 :     22     23    448
   344 :    221    471    473
   345 :    271     65    451
   346 :    160    159    467
   347 :    270    160    467
   348 :    471    221    490
   349 :     62     63    498
   350 :    399    402    490
   351 :     63    459    498
   352 :    415    269    416
   353 :    416    269    418
   354 :    221    473    496
   355 :    420    418    421
   356 :    158    157    269
   357 :     61     62    268
   358 :    399    400    402
   359 :    420    421    422
   360 :    286    162    460
   361 :    159    158    415
   362 :    159    415    467
   363 :     54     55    219
   364 :    151    150    218
   365 :    173    172    281
   366 :    419    418    420
   367 :    162    161    460
   368 :    402    469    470
   369 :    182    231    482
   370 :    183    182    482
   371 :    147    444    500
   372 :    286    460    461
   373 :    422    421    423
   374 :    416    418    419
   375 :    402    470    471
   376 :    471    470    472
   377 :    223    174    476
   378 :     56    283    477
   379 :    184    183    273
   380 :    282    176    481
   381 :     18    220    480
   382 :    149    224    479
   383 :    171    225    478
   384 :    176    175    481
   385 :     17     18    480
   386 :    422    423    424
   387 :    284     10    488
   388 :    226     50    486
   389 :    402    400    469
   390 :    449    230    450
   391 :    274    185    483
   392 :    471    472    473
   393 :    158    269    415
   394 :     67     68    493
   395 :     27     28    492
   396 :    235     67    493
   397 :     20    229    489
   398 :    234     27    492
   399 :    154    153    263
   400 :    399    268    400
   401 :    156    155    267
   402 :     10     11    488
   403 :     50     51    486
   404 :     24     25    494
   405 :     61    268    399
   406 :    424    423    425
   407 :     12     13    495
   408 :     20     21    229
   409 :    179    178    228
   410 :     13    262    495
   411 :     11     12    264
   412 :     51     52    265
   413 :    400    403    469
   414 :    415    416    417
   415 :     28     29    287
   416 :     68     69    237
   417 :    165    164    236
   418 :    418    269    446
   419 :    174    173    476
   420 :     55     56    477
   421 :    185    184    483
   422 :    150    149    479
   423 :    172    171    478
   424 :    473    472    474
   425 :     64     65    271
   426 :    161    160    270
   427 :    186    185    274
   428 :     71      3    272
   429 :    424    425    426
   430 :    273    183    482
   431 :     57     58    496
   432 :    169    168    266
   433 :    267    155    475
   434 :    228    178    491
   435 :    184    273    483
   436 :    173    281    476
   437 :    219     55    477
   438 :    178    177    491
   439 :    177    282    491
   440 :    218    150    479
   441 :    281    172    478
   442 :     28    287    492
   443 :     68    237    493
   444 :    283    496    499
   445 :     16     17    222
   446 :     56     57    283
   447 :    175    174    223
   448 :    154    263    475
   449 :     58    221    496
   450 :    264     12    495
   451 :    421    418    446
   452 :    149    148    224
   453 :    171    170    225
   454 :    400    401    403
   455 :    426    425    427
   456 :    230     24    494
   457 :    283     57    496
   458 :    222     17    480
   459 :    175    223    481
   460 :    431    429    445
   461 :    426    427    428
   462 :    428    427    429
   463 :    430    429    431
   464 :    161    270    460
   465 :    430    432    433
   466 :    430    431    432
   467 :    428    429    430
   468 :     11    264    488
   469 :     51    265    486
   470 :    411    412    413
   471 :    432    431    434
   472 :    146      9    227
   473 :     18     19    220
   474 :     23     24    230
   475 :     26     27    234
   476 :     30     31    233
   477 :     58     59    221
   478 :     66     67    235
   479 :    163    162    286
   480 :    167    166    285
   481 :    177    176    282
   482 :    182    181    231
   483 :    189    188    232
   484 :      2     50    226
   485 :      5     10    284
   486 :    411    410    412
   487 :     13     14    262
   488 :    432    434    435
   489 :     60    399    490
   490 :    435    434    436
   491 :     60     61    399
   492 :    496    473    499
   493 :    429    427    497
   494 :    441    440    442
   495 :    408    405    459
   496 :    409    410    411
   497 :    439    440    441
   498 :     19     20    489
   499 :    439    438    440
   500 :    450    230    494
   501 :     21     22    447
   502 :    409    408    410
   503 :    155    154    475
   504 :    435    436    437
   505 :    437    436    438
   506 :    405    401    498
   507 :     59     60    490
   508 :    445    429    497
   509 :    437    438    439
   510 :    406    408    409
   511 :    415    417    467
   512 :    442    440    444
   513 :    404    405    406
   514 :    406    405    408
   515 :    403    401    404
   516 :    401    268    498
   517 :    447     22    448
   518 :    400    268    401
   519 :    459    405    498
   520 :    403    404    407
   521 :    148    147    500
   522 :    268     62    498
   523 :    404    401    405
   524 :    220     19    489
   525 :    221     59    490
   526 :    473    474    499
   527 :    229     21    447
   528 :    224    148    500
   529 :    454    219    477
   530 :    455    453    456
   531 :    458    454    501
   532 :    477    283    501
   533 :    283    499    501
   534 :     52     53    502
   535 :    265     52    502
   536 :    458    501    503
   537 :    454    477    501
   538 :    270    467    504
   539 :    467    417    504
   540 :    501    499    503
   541 :    499    474    503
   542 :    452    219    453
   543 :     25     26    468
   544 :     25    468    494
   545 :     26    234    468
   546 :     54    219    452
   547 :     53     54    452
   548 :    414    235    493
   549 :    412    235    414
   550 :    413    412    414
   551 :    460    270    466
   552 :    461    460    466
   553 :     53    452    502
   554 :    466    270    504
   555 :    452    453    455
   556 :    452    455    502
   557 :     71    272    484
   558 :     70     71    484
   559 :    462    463    464
   560 :    236    164    505
   561 :    164    163    505
   562 :    163    286    505
   563 :    462    461    463
   564 :    341    340    397
   565 :    236    505    506
   566 :    286    461    462
   567 :    462    464    506
   568 :    286    462    505
   569 :    505    462    506
   570 :    386    388    390
   571 :    344    363    364
   572 :    330    328    391
   573 :    335    333    393
   574 :    344    361    363
   575 :    441    442    443
   576 :    537    275    624
   577 :    190      6    248
   578 :    204      8    249
   579 :      7    203    298
   580 :    203    202    250
   581 :    217    216    251
   582 :    193    192    246
   583 :    207    206    247
   584 :    201    200    244
   585 :    215    214    245
   586 :    199    198    240
   587 :    213    212    241
   588 :    195    194    242
   589 :    209    208    243
   590 :    197    196    238
   591 :    211    210    239
   592 :    205    204    303
   593 :    191    190    308
   594 :    358    315    359
   595 :    206    205    346
   596 :    192    191    345
   597 :    214    213    347
   598 :    302    301    360
   599 :    216    215    313
   600 :    341    397    398
   601 :    291    507    651
   602 :    353    322    355
   603 :    244    200    319
   604 :    242    194    326
   605 :    243    208    331
   606 :    241    212    336
   607 :    238    196    342
   608 :    250    202    356
   609 :    323    353    354
   610 :      0    288    508
   611 :    244    322    323
   612 :    330    391    392
   613 :    335    393    394
   614 :    302    360    365
   615 :    323    322    353
   616 :    244    319    322
   617 :     31      0    508
   618 :    339    523    524
   619 :    511    566    636
   620 :    294    513    551
   621 :    389    558    562
   622 :      9    217    650
   623 :    233     31    508
   624 :    484    272    652
   625 :    350    518    650
   626 :    266    381    526
   627 :    387    285    527
   628 :    638    307    640
   629 :    509    318    510
   630 :    443    442    518
   631 :    225    170    526
   632 :    169    266    526
   633 :    165    236    527
   634 :    285    166    527
   635 :    540    539    566
   636 :    351    317    509
   637 :    398    397    511
   638 :    639    355    655
   639 :    317    318    509
   640 :    279    391    563
   641 :    280    393    564
   642 :    233    508    653
   643 :    372    232    530
   644 :    552    376    559
   645 :    233    395    620
   646 :    484    377    618
   647 :    351    509    525
   648 :    414    493    552
   649 :    145      5    517
   650 :    522    255    523
   651 :    343    242    560
   652 :    232    188    530
   653 :    485    272    553
   654 :    226    487    554
   655 :    261    540    619
   656 :    325    396    515
   657 :    395    233    653
   658 :    377    484    652
   659 :    528    348    529
   660 :    323    354    516
   661 :    236    506    558
   662 :      5    284    517
   663 :    442    227    518
   664 :    187    186    561
   665 :    352    338    521
   666 :    357    321    519
   667 :    278    145    517
   668 :    364    396    630
   669 :    338    341    521
   670 :    321    325    519
   671 :    188    187    530
   672 :    539    295    566
   673 :    170    169    526
   674 :    261    539    540
   675 :    319    320    642
   676 :    166    165    527
   677 :    181    180    570
   678 :    469    403    572
   679 :    432    435    568
   680 :     15     16    569
   681 :    417    416    571
   682 :    466    504    573
   683 :    359    315    528
   684 :    502    455    578
   685 :    296    548    622
   686 :    312    531    532
   687 :    272      3    553
   688 :      2    226    554
   689 :    448    449    608
   690 :    262     14    606
   691 :    430    433    605
   692 :    179    228    607
   693 :    407    404    609
   694 :    450    494    604
   695 :    276    507    628
   696 :    375    372    530
   697 :    397    243    643
   698 :    374    376    614
   699 :    309    310    531
   700 :    304    305    534
   701 :    300    299    535
   702 :    237     69    618
   703 :     70    484    618
   704 :    287     29    620
   705 :     30    233    620
   706 :    288    629    633
   707 :    341    398    576
   708 :    380    379    625
   709 :    370    371    626
   710 :    312    309    531
   711 :    487    535    649
   712 :    388    395    653
   713 :    373    377    652
   714 :    385    386    627
   715 :    342    344    630
   716 :     99    294    551
   717 :    307    304    534
   718 :    299    302    535
   719 :    289    119    543
   720 :    290    112    537
   721 :    103    296    547
   722 :    293    136    538
   723 :    127    295    539
   724 :    111    290    541
   725 :    139    291    542
   726 :    107    292    544
   727 :    135    293    545
   728 :    295    128    546
   729 :    296    104    548
   730 :    113    275    537
   731 :    137    259    538
   732 :    261    126    539
   733 :    258    110    541
   734 :    259    138    542
   735 :    201    244    661
   736 :    256    102    547
   737 :    254    106    544
   738 :    255    134    545
   739 :    129    257    546
   740 :    105    254    548
   741 :    120    252    543
   742 :    253     93    550
   743 :    252    121    549
   744 :     94    279    550
   745 :    122    280    549
   746 :    260     98    551
   747 :    119    120    543
   748 :    112    113    537
   749 :    102    103    547
   750 :    136    137    538
   751 :    126    127    539
   752 :    110    111    541
   753 :    138    139    542
   754 :    106    107    544
   755 :    134    135    545
   756 :    128    129    546
   757 :    104    105    548
   758 :     93     94    550
   759 :    121    122    549
   760 :     98     99    551
   761 :    493    237    552
   762 :    118    289    553
   763 :    277    117    554
   764 :    345    366    659
   765 :    357    520    567
   766 :    346    368    658
   767 :    335    394    619
   768 :    366    328    659
   769 :    278    517    525
   770 :    511    397    643
   771 :    225    526    557
   772 :    527    236    558
   773 :    368    333    658
   774 :      3    118    553
   775 :    117      2    554
   776 :    238    342    630
   777 :    540    334    577
   778 :    379    300    625
   779 :    305    370    626
   780 :    611    559    616
   781 :     91     92    565
   782 :    310    385    627
   783 :    396    238    630
   784 :    555    524    617
   785 :    540    577    619
   786 :     96     97    574
   787 :    124    125    575
   788 :    519    325    579
   789 :    142    143    580
   790 :    376    552    614
   791 :    516    356    661
   792 :    531    310    533
   793 :    518    227    650
   794 :    323    516    661
   795 :    291    140    628
   796 :    141    276    628
   797 :    455    456    556
   798 :    339    524    555
   799 :    381    383    557
   800 :    260    514    644
   801 :    389    387    558
   802 :    114    115    623
   803 :    413    414    559
   804 :    288     90    629
   805 :    297    132    660
   806 :    294    100    657
   807 :    133    255    660
   808 :    101    256    657
   809 :    292    108    646
   810 :    334    332    577
   811 :    109    258    646
   812 :    186    274    561
   813 :    362    343    560
   814 :    143    144    648
   815 :    639    290    645
   816 :    629    532    633
   817 :    543    252    638
   818 :    506    464    562
   819 :    557    556    612
   820 :    507    291    628
   821 :    526    381    557
   822 :     92    253    565
   823 :    387    527    558
   824 :    115    116    641
   825 :    520    292    646
   826 :    258    520    646
   827 :     91    565    629
   828 :    449    571    608
   829 :    568    262    606
   830 :    433    569    605
   831 :    228    572    607
   832 :    570    407    609
   833 :    573    450    604
   834 :    331    334    643
   835 :    225    557    612
   836 :    535    302    635
   837 :    376    375    616
   838 :    320    357    567
   839 :    550    279    563
   840 :    528    529    581
   841 :    549    280    564
   842 :    512    294    657
   843 :    256    512    657
   844 :    522    297    660
   845 :    255    522    660
   846 :    433    432    568
   847 :     16    222    569
   848 :    231    181    570
   849 :    416    419    571
   850 :    403    407    572
   851 :    465    466    573
   852 :    238    396    631
   853 :    243    397    632
   854 :     97    260    574
   855 :    125    261    575
   856 :    322    319    642
   857 :    332    335    577
   858 :    265    502    578
   859 :    565    253    637
   860 :    396    324    631
   861 :    397    340    632
   862 :    541    290    639
   863 :    276    142    580
   864 :    565    532    629
   865 :    395    389    621
   866 :    243    331    643
   867 :    456    600    612
   868 :    595    413    611
   869 :    464    601    610
   870 :    222    585    605
   871 :    593    231    609
   872 :    419    592    608
   873 :    602    465    604
   874 :    464    463    601
   875 :    503    596    598
   876 :    457    458    599
   877 :    474    472    582
   878 :    491    282    583
   879 :    491    583    588
   880 :    282    481    582
   881 :    228    491    588
   882 :    480    220    584
   883 :    495    262    587
   884 :    222    480    585
   885 :    488    264    590
   886 :    472    470    583
   887 :    424    426    584
   888 :    583    470    588
   889 :    264    495    589
   890 :    422    424    586
   891 :    420    591    592
   892 :    264    589    590
   893 :    495    587    589
   894 :    420    422    591
   895 :    424    584    586
   896 :    584    220    586
   897 :    426    428    585
   898 :    489    229    591
   899 :    480    584    585
   900 :    584    426    585
   901 :    470    469    588
   902 :    435    437    587
   903 :    591    229    592
   904 :    220    489    586
   905 :    587    437    589
   906 :    437    439    589
   907 :    589    439    590
   908 :    439    441    590
   909 :    422    586    591
   910 :    586    489    591
   911 :    419    420    592
   912 :    482    231    593
   913 :    229    447    592
   914 :    282    582    583
   915 :    582    472    583
   916 :    273    482    594
   917 :    482    593    594
   918 :    273    594    595
   919 :    483    273    595
   920 :    406    409    593
   921 :    593    409    594
   922 :    409    411    594
   923 :    594    411    595
   924 :    411    413    595
   925 :    474    582    596
   926 :    582    481    596
   927 :    481    223    596
   928 :    456    457    600
   929 :    458    598    599
   930 :    449    450    597
   931 :    596    223    598
   932 :    223    476    598
   933 :    458    503    598
   934 :    503    474    596
   935 :    598    476    599
   936 :    476    281    599
   937 :    457    599    600
   938 :    504    417    597
   939 :    281    478    600
   940 :    599    281    600
   941 :    463    465    602
   942 :    234    492    601
   943 :    468    234    602
   944 :    234    601    602
   945 :    601    463    602
   946 :    284    488    603
   947 :    488    590    603
   948 :    590    441    603
   949 :    585    428    605
   950 :    592    447    608
   951 :    406    593    609
   952 :    468    602    604
   953 :    483    595    611
   954 :    601    492    610
   955 :    600    478    612
   956 :    494    468    604
   957 :     14     15    606
   958 :    428    430    605
   959 :    180    179    607
   960 :    447    448    608
   961 :    404    406    609
   962 :    441    443    603
   963 :    492    287    610
   964 :    274    483    611
   965 :    478    225    612
   966 :    289    543    640
   967 :    394    575    619
   968 :    330    392    644
   969 :    535    635    649
   970 :    559    376    616
   971 :    290    537    645
   972 :    359    528    581
   973 :    377    374    614
   974 :    383    556    557
   975 :    355    322    642
   976 :    265    578    634
   977 :    274    611    616
   978 :    276    580    613
   979 :    333    247    658
   980 :    328    246    659
   981 :    336    339    654
   982 :    284    603    615
   983 :    603    443    615
   984 :    275    114    623
   985 :     69     70    618
   986 :     29     30    620
   987 :    443    518    647
   988 :    521    341    576
   989 :    325    515    579
   990 :    384    380    625
   991 :    371    378    626
   992 :    536    521    576
   993 :    140    141    628
   994 :    277    554    649
   995 :    386    390    627
   996 :    344    364    630
   997 :     90     91    629
   998 :    257    536    576
   999 :    116    277    641
  1000 :    486    265    634
  1001 :    197    238    631
  1002 :    209    243    632
  1003 :    302    365    635
  1004 :    517    284    615
  1005 :    353    355    639
  1006 :    532    531    633
  1007 :    514    330    644
  1008 :    576    398    656
  1009 :    144    278    648
  1010 :    554    487    649
  1011 :    525    517    615
  1012 :    108    109    646
  1013 :    353    639    645
  1014 :    378    373    652
  1015 :    227      9    650
  1016 :    100    101    657
  1017 :    132    133    660
  1018 :    542    291    651
  1019 :    354    353    645
  1020 :    390    388    653
  1021 :    375    561    616
  1022 :    244    323    661
  1023 :    552    237    614
  1024 :    358    359    651
  1025 :    241    336    654
  1026 :    515    364    622
  1027 :    518    351    647
  1028 :    567    520    655
  1029 :    390    533    627
  1030 :    334    511    643
  1031 :    520    258    655
  1032 :    533    310    627
  1033 :    556    456    612
  1034 :    413    559    611
  1035 :    389    562    621
  1036 :    562    464    610
  1037 :    531    533    633
  1038 :    433    568    606
  1039 :    569    222    605
  1040 :    231    570    609
  1041 :    571    419    608
  1042 :    572    407    607
  1043 :    465    573    604
  1044 :    574    260    644
  1045 :    561    274    616
  1046 :    351    525    647
  1047 :    392    574    644
  1048 :    295    546    636
  1049 :    307    534    640
  1050 :    567    355    642
  1051 :    575    261    619
  1052 :    610    287    621
  1053 :    562    610    621
  1054 :    566    295    636
  1055 :    577    335    619
  1056 :    546    257    656
  1057 :    635    277    649
  1058 :    339    555    654
  1059 :    320    567    642
  1060 :    257    576    656
  1061 :    615    443    647
  1062 :    525    615    647
  1063 :    355    567    655
  1064 :    277    635    641
  1065 :    635    365    641
  1066 :    398    636    656
  1067 :    636    546    656
Number of domains 10
  Domain :      0 
  Name : Entity 0 
  Number of elements :     23
     0     1     2     3     4     5     6     7     8     9
    10    11    12    13    14    15    16    17    18    19
    20    21    22
  Domain :      1 
  Name : Bottom
  Number of elements :     19
    23    24    25    26    27    28    29    30    31    32
    33    34    35    36    37    38    39    40    41
  Domain :      2 
  Name : Entity 2 
  Number of elements :     23
    42    43    44    45    46    47    48    49    50    51
    52    53    54    55    56    57    58    59    60    61
    62    63    64
  Domain :      3 
  Name : Entity 3 
  Number of elements :     19
    65    66    67    68    69    70    71    72    73    74
    75    76    77    78    79    80    81    82    83
  Domain :      4 
  Name : Entity 4 
  Number of elements :     29
    84    85    86    87    88    89    90    91    92    93
    94    95    96    97    98    99   100   101   102   103
   104   105   106   107   108   109   110   111   112
  Domain :      5 
  Name : Entity 5 
  Number of elements :     29
   113   114   115   116   117   118   119   120   121   122
   123   124   125   126   127   128   129   130   131   132
   133   134   135   136   137   138   139   140   141
  Domain :      6 
  Name : Entity 6 
  Number of elements :     23
   142   143   144   145   146   147   148   149   150   151
   152   153   154   155   156   157   158   159   160   161
   162   163   164
  Domain :      7 
  Name : Entity 7 
  Number of elements :     23
   165   166   167   168   169   170   171   172   173   174
   175   176   177   178   179   180   181   182   183   184
   185   186   187
  Domain :      8 
  Name : Entity 8 
  Number of elements :     15
   188   189   190   191   192   193   194   195   196   197
   198   199   200   201   202
  Domain :      9 
  Name : Entity 9 
  Number of elements :     15
   203   204   205   206   207   208   209   210   211   212
   213   214   215   216   217
