Size 662 
-2.4229997e-09 0.0000000e+00 2.9240819e-09
 1.1305630e-07 0.0000000e+00-1.0919448e-07
 3.2585597e-08-3.3304408e-08 9.9145075e-08
-9.5136521e-08-1.1529135e-07-1.1776081e-07
-1.1690928e-07-1.1312441e-07-1.0677933e-07
-9.8253451e-08-8.7896027e-08-7.6146587e-08
-6.3364229e-08-4.9926206e-08-3.6233035e-08
-2.2696109e-08-9.7357813e-09 2.2508855e-09
 1.2742651e-08 2.1371820e-08 2.7683391e-08
 3.1273358e-08 3.1895569e-08 2.9509655e-08
 2.3754004e-08 1.2825018e-08 0.0000000e+00
 0.0000000e+00 0.0000000e+00 0.0000000e+00
 0.0000000e+00 0.0000000e+00 0.0000000e+00
 0.0000000e+00 0.0000000e+00 0.0000000e+00
 0.0000000e+00 0.0000000e+00 0.0000000e+00
 0.0000000e+00 0.0000000e+00 0.0000000e+00
 0.0000000e+00 0.0000000e+00-1.4711113e-08
-2.3554759e-08-2.8963916e-08-3.1185593e-08
-3.0233523e-08-2.6307901e-08-1.9704803e-08
-1.0801890e-08-3.0307578e-11 1.2170768e-08
 2.5360731e-08 3.9109455e-08 5.2996284e-08
 6.6608987e-08 7.9546107e-08 9.1420149e-08
 1.0186058e-07 1.1050007e-07 1.1696217e-07
 1.2069398e-07 1.2163382e-07 1.1914974e-07
 0.0000000e+00 0.0000000e+00 0.0000000e+00
 0.0000000e+00 0.0000000e+00 0.0000000e+00
 0.0000000e+00 0.0000000e+00 0.0000000e+00
 0.0000000e+00 0.0000000e+00 0.0000000e+00
 0.0000000e+00 0.0000000e+00 0.0000000e+00
 0.0000000e+00 0.0000000e+00 0.0000000e+00
-2.2133704e-08-3.4171816e-08-4.1004522e-08
-4.4232077e-08-4.4078178e-08-4.1450561e-08
-3.7319529e-08-3.1525148e-08-2.5746768e-08
-1.9877792e-08-1.4898546e-08-1.0037398e-08
-5.9939802e-09-2.3228202e-09 1.2637619e-09
 4.8765638e-09 8.9781458e-09 1.3567918e-08
 1.8648670e-08 2.4606999e-08 3.0246436e-08
 3.6011400e-08 4.0571022e-08 4.3073562e-08
 4.3206019e-08 4.0103605e-08 3.3193057e-08
 2.1218301e-08 1.0322246e-07 8.9744475e-08
 7.3580297e-08 5.5883844e-08 3.7669961e-08
 2.0297147e-08 5.1630940e-09-7.3382965e-09
-1.5890689e-08-2.0255826e-08-2.0435465e-08
-1.6831906e-08-1.0407436e-08-2.3406124e-09
 6.5409888e-09 1.5073445e-08 2.1392425e-08
 2.4840304e-08 2.4632943e-08 2.0235631e-08
 1.1653290e-08-7.1331938e-10-1.6117629e-08
-3.3755005e-08-5.1811308e-08-6.9713375e-08
-8.5810320e-08-9.9149037e-08-9.8625632e-08
-9.8788144e-08-9.6057476e-08-9.0626765e-08
-8.2743034e-08-7.2716599e-08-6.0894347e-08
-4.7650160e-08-3.3362463e-08-1.8421562e-08
-3.2231711e-09 1.1827140e-08 2.6298602e-08
 3.9760007e-08 5.1787455e-08 6.1924345e-08
 6.9680427e-08 7.4517575e-08 7.5761704e-08
 7.2643523e-08 6.4320538e-08 5.0456117e-08
-5.0834689e-08-6.4345557e-08-7.2294375e-08
-7.5049167e-08-7.3457279e-08-6.8327413e-08
-6.0281822e-08-4.9866266e-08-3.7569274e-08
-2.3867040e-08-9.1766306e-09 6.0797866e-09
 2.1486286e-08 3.6618303e-08 5.1035343e-08
 6.4412197e-08 7.6353912e-08 8.6494580e-08
 9.4478003e-08 9.9999180e-08 1.0271841e-07
 1.0255963e-07 1.3890050e-08 6.9868080e-11
-7.9547748e-09-9.8644205e-09-8.7956181e-09
-6.1142375e-09-2.5586522e-09 1.4179534e-09
 4.8850058e-09 7.8546995e-09 8.8481613e-09
 6.8171883e-09-1.2981311e-09-1.4940558e-08
 9.1800116e-08 8.0043149e-08 6.5387781e-08
 4.9537417e-08 3.4632320e-08 2.0656302e-08
 7.8849277e-09-3.9302927e-09-1.6207558e-08
-3.0560598e-08-4.5674388e-08-6.1466253e-08
-7.6166473e-08-8.8357408e-08-8.3820830e-08
-3.8616225e-08-5.1400112e-08-1.6818125e-09
-7.8020256e-08-4.9749971e-08-9.9460737e-08
-6.9234482e-08-1.9327724e-08-1.0305708e-07
 3.8944309e-09-2.2973946e-08 1.5889116e-08
 4.9728565e-08 1.0887935e-07 3.1967563e-08
 3.9874842e-08 1.0331624e-07 6.9828456e-08
 1.1774383e-07-5.1823998e-10 1.5151461e-09
 4.8604297e-09-1.4174556e-08-5.7128126e-09
 1.7239302e-08 1.0605377e-08-4.5213995e-08
-1.1569691e-08 4.4108962e-08 1.3378302e-08
 9.9805289e-08 1.5073769e-09-8.2039118e-08
 6.9905897e-08-3.5269629e-08 5.7779299e-09
 1.2280401e-08-6.6647198e-09-8.1478076e-09
 2.2496820e-08 3.4791506e-09-2.2864896e-08
-9.5669550e-10-1.0782667e-07-4.6450952e-08
-1.1619285e-07-3.8165550e-08-5.2867749e-08
-1.6632453e-08 4.0203458e-08 1.3426468e-08
 5.1548795e-08 8.1453687e-08 1.1624754e-07
 7.6452386e-08 9.6454116e-08 3.5824952e-08
-4.7328541e-08 2.1926808e-08-9.4948682e-08
-3.5212501e-08 3.8344440e-08-6.5878454e-08
-2.5157537e-08-2.4308718e-08-1.1211977e-07
 5.2687163e-08 6.7072697e-08 4.1202971e-08
-7.5853452e-09 1.0010050e-07 3.2011405e-08
-1.8866282e-08 1.2871925e-08 1.4919266e-08
-1.3577308e-08-1.1291959e-08-8.7546277e-10
 2.3059531e-09-1.3935001e-08 2.1331796e-09
-1.2377173e-08 1.3667861e-08 1.6568815e-08
 8.7491203e-08 9.5078590e-08 1.0536036e-07
 8.0332404e-08 8.7374799e-08-2.1700841e-09
-3.1605366e-09 1.2123373e-08-1.4882691e-08
-1.7500295e-08-6.4463774e-08-4.8238434e-08
-3.0194729e-08-7.0387775e-08-8.6289732e-08
-7.4803828e-08 8.1402748e-09 8.0614758e-09
 5.0093676e-09 1.3960320e-08 1.6548630e-08
 2.2500727e-09 2.8700736e-09-8.4628264e-09
-1.4190148e-08-1.7660807e-08-1.0996052e-08
-2.1247629e-08 2.6628915e-08 2.8204721e-08
 4.3555597e-08 1.3429892e-08 2.7411459e-08
-4.0826072e-09 1.9908519e-09 2.0566243e-09
 1.3518985e-09 4.8913551e-09 1.0727059e-09
-2.4196406e-09-4.6193816e-09-2.5454655e-09
-1.0570037e-08 7.2107534e-08-2.5852056e-08
-9.5784838e-09-5.4917522e-08-9.4236103e-08
-9.7674205e-08 3.3697464e-09 2.1442064e-08
 2.4432838e-08 1.6601677e-08 8.9735663e-09
 9.7956819e-09-3.4168596e-08-1.5390774e-08
 2.5063738e-08-5.4003559e-09-8.7378685e-09
-2.7060448e-09-7.4582535e-10 2.8706201e-08
-2.0381994e-08-2.5760226e-08 5.9321415e-08
 6.8744869e-08 1.0763380e-07 1.1317376e-07
 1.1265213e-07 1.1658775e-07 1.1470778e-07
 1.0931746e-07 1.1019904e-07 1.1884735e-07
 1.1500170e-07-3.2491247e-08-4.1622496e-08
-5.4857010e-08-4.6117235e-08-5.3571551e-08
-3.4162434e-08 3.1849189e-08 4.1175108e-08
 5.4964424e-08 4.5235221e-08 5.3740889e-08
 3.0455713e-08-2.5869226e-08-2.9663839e-08
 4.0753113e-08 2.2496226e-08 4.3745955e-08
 4.2237319e-10 6.4173520e-09-8.0390886e-10
 2.5758341e-08 2.6886613e-08 4.1787682e-08
 1.2116760e-08 2.8989351e-08 4.3923322e-08
 5.6443056e-08 5.8362016e-08 3.2174215e-08
 7.0339833e-08 7.2084435e-08 8.3179712e-08
 8.4556010e-08 9.4576457e-08 9.5412507e-08
 1.0411193e-07 2.7495402e-08 1.4280347e-08
 2.7953490e-08 5.5015901e-11 1.1760247e-09
-1.3406206e-08-1.4883245e-08-2.8267921e-08
-2.9992919e-08-4.3065901e-08-4.4841283e-08
-5.7395905e-08-5.9023778e-08-7.0861545e-08
-7.2156413e-08-8.2904465e-08-8.3824791e-08
-9.3335643e-08-9.1606963e-08-9.3688480e-08
-1.0182422e-07-1.0147607e-07-1.0837375e-07
-1.0666796e-07-1.1202921e-07-1.0911455e-07
-1.1252308e-07-1.0846938e-07-1.0957674e-07
-1.0472482e-07-7.2846565e-08-1.4379019e-09
-9.0872877e-09 3.7303231e-09 1.6581583e-08
 2.8171186e-08 9.3197900e-08-4.1675249e-08
-4.9710265e-08-4.4794072e-08-5.1067867e-08
-5.8950062e-08-5.5624523e-08-4.9006975e-08
 6.8460658e-08 6.0625236e-08 5.7804025e-08
 6.2701084e-08 5.3233077e-08 5.6416728e-08
 4.7263597e-08 5.0430001e-08 4.0352894e-08
 3.4264670e-08 1.4117659e-08-1.2240579e-09
-2.0453621e-09-1.5491066e-08-1.5308405e-08
-2.8401777e-08-3.1773959e-08-5.9120889e-08
-3.2715722e-08-6.9557167e-08-9.2785963e-08
-6.5121270e-08-3.8272478e-08 6.3742215e-08
 8.7533723e-08 1.2019689e-07 1.0853363e-07
-3.1502675e-08-1.0892058e-08-1.1593929e-07
-3.7216481e-08 1.1666111e-08-1.1121193e-08
 4.2354719e-08 1.1164409e-07 2.6130325e-08
-1.1340794e-07-1.3810974e-08-6.0272203e-08
 5.4580077e-08-2.7140900e-08-1.0350063e-07
-3.7134514e-08-4.1160811e-08-3.9671739e-08
 4.0684189e-08 7.0361114e-08 6.4494159e-08
-3.8107939e-08 2.2677203e-08-8.9250627e-08
-7.6615778e-08 4.9534228e-09-8.8834869e-09
-1.4632528e-08-1.7771464e-08 1.2808802e-09
 1.8722187e-08-1.0495818e-07-1.0387130e-07
 6.7873317e-09 1.5542076e-08 2.0051954e-10
 6.9521496e-09 5.6486892e-09 8.2626336e-09
-1.0071310e-07-6.4167132e-08 6.4374125e-08
-1.3860706e-08-1.3099518e-09 1.0706277e-07
-4.7062240e-09-2.0055128e-08 1.0651905e-08
 9.9195204e-08 3.5769062e-09-3.2741315e-09
 3.3619560e-08 9.1907495e-09-7.4939322e-09
 5.2284574e-09 2.8925424e-08-6.9858363e-09
 8.5483881e-08 9.1496519e-09 1.6283853e-08
-1.1485586e-08-3.6114282e-09 2.1847583e-09
 5.4576848e-08-3.6357185e-08-1.9150071e-08
 1.1194318e-07 1.0910794e-07 7.8062028e-09
 1.9098060e-10-5.7736253e-08-6.2138862e-08
 6.2233576e-08 1.0416720e-07-7.2581772e-09
 1.0260742e-07 5.7312421e-08-2.9130029e-08
 5.2540343e-08-3.1717723e-08-9.4027268e-10
 1.2782195e-08-1.0130490e-07-9.0044142e-08
 3.4330077e-08 1.5730801e-08 1.6374201e-08
 3.9481477e-08-2.9044257e-08 6.7984957e-09
-2.9348752e-09 1.6926520e-08-4.7956005e-08
 4.0395272e-09-6.1850969e-08-3.9279047e-09
-2.7227326e-08-1.3498786e-08-5.4381512e-08
-6.8065452e-08-4.0034275e-08-1.0846368e-07
 1.2368789e-09-1.1314782e-07-1.1488781e-07
-2.5421572e-08-1.0951489e-08 6.1194244e-08
 7.4464328e-08 8.6324712e-08-3.9520047e-08
 2.8675791e-08-4.9951852e-08-5.8047850e-08
-6.3272904e-08 4.8776722e-08 4.4231378e-08
-1.1327380e-07 3.6919003e-08-8.0679702e-08
-9.9955479e-08 1.9078413e-08 2.9894104e-09
 4.6797091e-08 5.0219070e-08 9.6346526e-08
-6.5020599e-08-6.0794290e-08 1.1527839e-07
-1.0811312e-07 1.0400327e-07 6.4096570e-09
 1.2052848e-07 1.3032965e-08 3.7086018e-08
 4.8490905e-08-1.2466135e-10 3.5783144e-08
 2.8103592e-08-2.6649166e-08 1.1084191e-07
 2.5819919e-08-3.1111391e-08-2.2301900e-08
-1.0997712e-09 1.3607220e-09 1.1196055e-08
-1.0166754e-08-4.3277287e-08 1.9224102e-08
-5.3154801e-09-2.6928560e-08 8.0093158e-08
 2.3705309e-08 9.5213112e-08 2.9521475e-08
 1.1409891e-08 1.3159620e-08-2.3790511e-08
 2.7371380e-08 1.9004255e-08-1.0444616e-07
-8.4014785e-08 9.3023804e-09-9.8493576e-08
-2.1794591e-08 1.1808133e-07 3.6088549e-08
-4.4371823e-09 1.8089094e-08-5.8578206e-09
-1.0836224e-08 5.5550586e-08-1.3273178e-08
 8.9719493e-09 1.1588855e-08
