Size 662 
 0.0000000e+00 0.0000000e+00 0.0000000e+00
 9.8514707e-09 0.0000000e+00 9.9067634e-09
 5.3476597e-09 5.3648459e-09-5.1205271e-09
-5.1543846e-09 9.5814857e-09 9.0739977e-09
 8.4031257e-09 7.5872820e-09 6.6515975e-09
 5.6219308e-09 4.5237407e-09 3.4162948e-09
 2.2940897e-09 1.1799178e-09 1.0131558e-10
-9.1607388e-10-1.8455815e-09-2.6722045e-09
-3.3530016e-09-3.8794854e-09-4.2231611e-09
-4.3595215e-09-4.2620214e-09-3.8842011e-09
-3.1154857e-09-1.7947052e-09 0.0000000e+00
 0.0000000e+00 0.0000000e+00 0.0000000e+00
 0.0000000e+00 0.0000000e+00 0.0000000e+00
 0.0000000e+00 0.0000000e+00 0.0000000e+00
 0.0000000e+00 0.0000000e+00 0.0000000e+00
 0.0000000e+00 0.0000000e+00 0.0000000e+00
 0.0000000e+00 0.0000000e+00-1.9632974e-09
-3.1912852e-09-3.9260264e-09-4.3090953e-09
-4.4090229e-09-4.2731844e-09-3.9300745e-09
-3.4042528e-09-2.7191323e-09-1.8989513e-09
-9.6760107e-10 4.9673348e-11 1.1300021e-09
 2.2468019e-09 3.3753373e-09 4.4898093e-09
 5.5662627e-09 6.5800984e-09 7.5141590e-09
 8.3199506e-09 9.0243050e-09 9.5374892e-09
 0.0000000e+00 0.0000000e+00 0.0000000e+00
 0.0000000e+00 0.0000000e+00 0.0000000e+00
 0.0000000e+00 0.0000000e+00 0.0000000e+00
 0.0000000e+00 0.0000000e+00 0.0000000e+00
 0.0000000e+00 0.0000000e+00 0.0000000e+00
 0.0000000e+00 0.0000000e+00 0.0000000e+00
 0.0000000e+00 0.0000000e+00 0.0000000e+00
 0.0000000e+00 0.0000000e+00 0.0000000e+00
 0.0000000e+00 0.0000000e+00 0.0000000e+00
 0.0000000e+00 0.0000000e+00 0.0000000e+00
 0.0000000e+00 0.0000000e+00 0.0000000e+00
 0.0000000e+00 0.0000000e+00 0.0000000e+00
 0.0000000e+00 0.0000000e+00 0.0000000e+00
 0.0000000e+00 0.0000000e+00 0.0000000e+00
 0.0000000e+00 0.0000000e+00 0.0000000e+00
 0.0000000e+00 9.8198232e-09 9.2670920e-09
 8.2195204e-09 6.7362696e-09 4.9018995e-09
 2.7830375e-09 5.2758538e-10-1.8231295e-09
-4.0958092e-09-6.2018319e-09-8.0191322e-09
-9.4615716e-09-1.0472271e-08-1.1014343e-08
-1.1021010e-08-1.0493996e-08-9.4796563e-09
-8.0115124e-09-6.1875031e-09-4.0977778e-09
-1.8239020e-09 5.2013247e-10 2.8041786e-09
 4.9404171e-09 6.7669274e-09 8.2362601e-09
 9.3092830e-09 9.8746538e-09-4.8299627e-09
-4.3213874e-09-3.6634258e-09-2.8778184e-09
-1.9847747e-09-1.0061987e-09 3.2026304e-11
 1.1054507e-09 2.1897362e-09 3.2610706e-09
 4.2950715e-09 5.2679816e-09 6.1556926e-09
 6.9332520e-09 7.5782778e-09 8.0605593e-09
 8.3572056e-09 8.4439471e-09 8.2993492e-09
 7.9032011e-09 7.2494593e-09 6.3737632e-09
 6.3969966e-09 7.2742232e-09 7.9289925e-09
 8.3269911e-09 8.4731578e-09 8.3868666e-09
 8.0903809e-09 7.6086090e-09 6.9678323e-09
 6.1961640e-09 5.3089633e-09 4.3286167e-09
 3.2797971e-09 2.1873015e-09 1.1100284e-09
 4.1573604e-11-9.9483616e-10-1.9697866e-09
-2.8641954e-09-3.6617920e-09-4.3216919e-09
-4.8217276e-09 4.2287174e-09 3.2112004e-09
 2.4130353e-09 1.6717522e-09 1.0823720e-09
 7.1654133e-10 4.8277444e-10 4.7824985e-10
 7.0978418e-10 1.1038701e-09 1.6550632e-09
 2.4178486e-09 3.2276130e-09 4.2425963e-09
-5.5625312e-09-6.3807755e-09-7.5427538e-09
-8.7921781e-09-9.9659360e-09-1.0804051e-08
-1.1431088e-08-1.1386630e-08-1.0831996e-08
-9.9769643e-09-8.7756193e-09-7.5206730e-09
-6.4070199e-09-5.5624421e-09-5.8453678e-11
-1.8545544e-09 1.9373411e-09-6.0649113e-10
 3.3683874e-09 5.6334319e-09-1.1349521e-09
 5.7747165e-09-3.0447799e-10-2.2195597e-09
 3.8804276e-09 5.8838677e-10-1.0352551e-09
 1.8714663e-09-1.7881167e-09-1.1940094e-09
-1.8187895e-09 4.6529587e-09 5.7879065e-09
 5.8475736e-09 5.9293880e-10-1.1831598e-08
 1.0375178e-09-1.0237715e-08 9.7651556e-10
-1.0299907e-08 1.8959567e-09-6.5837817e-09
 1.8134592e-09-6.8459286e-09 3.3688090e-09
-2.4386774e-09 2.8837773e-09-3.3291125e-09
 4.7134389e-09 4.4644009e-10 2.0734433e-10
-1.0527797e-08 2.9819041e-10-1.0436851e-08
 4.2157608e-10-4.2127094e-09 4.7892437e-10
-4.2785220e-09 5.4698380e-09 1.8662913e-09
 6.3264599e-09-1.4475900e-09 4.7545974e-09
 3.1723247e-09 1.2093103e-09 4.3508315e-09
 5.6200846e-09 3.3079860e-09 6.5631947e-09
 5.5860514e-10-6.7679038e-10 4.8043217e-10
 3.4858416e-09 2.1044763e-10 6.6890251e-09
 5.2239814e-10 1.3680623e-09 5.9537820e-09
 4.8687713e-09-1.4496188e-09 6.9735796e-09
 4.7445911e-09 5.9373389e-09-1.9204764e-09
 1.2002158e-10 6.8964241e-09 4.4014816e-10
 1.4781015e-10 3.5553241e-10-8.1746305e-09
 3.6605948e-10-7.9794753e-09 2.4503541e-10
-1.1401115e-08 3.3604080e-09 2.1278533e-09
 2.1032061e-09 1.8894740e-09 1.2609266e-09
-3.3507337e-09-2.5022110e-10 7.9699372e-10
-8.8837750e-10 1.5821768e-09 2.9167808e-09
 2.1399348e-09 2.2015087e-09 1.8891273e-09
 1.2470541e-09-4.9090536e-09-3.8304829e-09
-5.6082966e-09-1.7884865e-09-1.6294557e-10
 1.3006812e-09 1.4512076e-09 1.0916279e-09
 8.4931117e-10 1.4646307e-09 1.6268777e-09
 7.6430036e-10 6.6247309e-10 1.3474761e-09
 1.3692726e-09 1.5504778e-09 1.0458948e-09
 1.0980046e-09-8.7710970e-09-6.4300552e-09
-4.2525880e-09-7.9392867e-09-4.0680447e-09
-1.1302017e-08-1.1668816e-08-1.1828525e-08
-1.0918108e-08-1.1577311e-08-1.1349158e-08
 6.6892784e-10 7.9995400e-10 6.1997868e-10
 2.4423225e-09-4.1911301e-09-8.4388212e-09
-9.0102943e-09-8.6510386e-10-1.5928766e-09
 1.4557144e-09-1.1667018e-08 1.1496672e-09
 1.1909821e-09 1.0861189e-09 2.4726662e-09
 7.7398019e-10-2.8643823e-09-4.3696338e-09
 1.0997000e-09 5.7531139e-10 7.3390118e-10
 4.3673700e-10 5.5422823e-10 6.0385878e-10
 1.6022909e-09 1.1723905e-09-2.0747866e-09
 9.0326648e-10-1.3789522e-09 9.1292781e-10
 4.9476352e-10 2.8319614e-09 2.4323734e-09
 4.3621162e-10 2.1722421e-09 4.7883791e-09
 3.4990981e-09 3.6048345e-09 2.6511340e-09
 3.3569337e-09 1.7978215e-09 1.8668515e-09
 8.1222684e-10 3.6025365e-09 2.6581522e-09
 3.3521315e-09 1.5400749e-09 1.7584374e-09
 1.0652720e-09 1.0808540e-09 6.3657537e-10
-1.7123278e-09-1.3425566e-09 1.4721261e-10
 6.3443631e-10-1.0699944e-08-1.0463166e-08
 5.5169679e-10 1.6314242e-09 1.9279887e-09
 1.3456002e-09 2.3098468e-09 2.2440749e-09
 2.2409280e-09 2.1911701e-09 2.5747285e-09
 2.5555746e-09 2.1349027e-09 2.8680156e-09
 2.0804525e-09 3.1714134e-09 2.0656473e-09
 3.5065693e-09 4.8557022e-09 3.2165464e-09
 3.4807578e-09 2.9855023e-09 1.9400998e-09
 1.9895272e-09 2.7451653e-09 2.0899081e-09
 2.4882340e-09 2.1962023e-09 2.2211039e-09
 2.3047986e-09 1.9506763e-09 2.4115710e-09
 1.6846266e-09 2.4794851e-09 1.4168001e-09
 2.5914194e-09 3.5225330e-09 1.1808748e-09
 2.6234307e-09 9.6988204e-10 2.7335680e-09
 7.7062462e-10 2.8551906e-09 6.3254267e-10
 2.9255826e-09 5.0650179e-10 2.7615884e-09
-1.9207066e-09 5.5739052e-10 3.7853180e-09
-2.5296995e-11-6.3884404e-10 7.2141005e-10
 3.9533250e-10 3.9965471e-09-1.8558737e-09
 3.9174993e-10 4.2914707e-10 3.0405175e-10
 2.4688092e-09 2.5481220e-09 2.5537823e-09
 2.6040180e-09 5.8414968e-09 3.6922139e-09
 3.6864919e-09 1.5661323e-09 1.5442648e-09
 1.6501748e-09 3.6863762e-09 5.3019915e-09
-1.6786058e-09 2.3284515e-09 2.3846671e-09
 1.0754709e-09 2.4502908e-09 8.5077195e-10
 2.4815952e-09 2.5273336e-09 5.8567260e-09
-1.7144259e-09 5.9611334e-09-6.2923769e-10
 2.6456695e-09 5.2995319e-09 1.2111322e-09
-6.2285195e-11 6.8939549e-09 4.1600721e-09
-9.4424464e-10 8.1640083e-10 6.7059659e-09
 1.2471517e-09-6.0329799e-11 4.4243113e-09
-1.8752143e-09 5.3125956e-09-1.4107000e-09
 5.9526431e-09-1.0766639e-09 1.2048618e-09
 1.8981405e-09 6.6035864e-10-1.5721819e-09
 5.2155971e-10-1.8207280e-09 2.5014202e-09
 3.6747683e-09 5.9098863e-09 3.7221230e-09
 2.0610243e-10-1.6422447e-10 3.5305480e-09
 4.4994816e-09-9.3535483e-09 4.5530715e-10
 6.8944228e-10 9.0480714e-10 5.2030727e-10
 1.6581350e-09 7.1517989e-09 1.7951545e-10
 6.0126681e-10 5.8725320e-10-1.1579045e-08
-1.1265799e-08-1.1177849e-08-9.9776064e-09
 4.4195671e-09 5.4545548e-09 5.4478646e-09
-6.9100020e-09-7.6580988e-09-1.6526208e-09
 1.3067037e-09 7.4909931e-10 9.1785496e-10
 2.1068886e-09 1.2983605e-09-1.1149576e-08
 5.6732299e-10-6.5212144e-09-6.3459237e-09
-6.4338556e-09 3.4752320e-10-2.1055208e-09
 6.0158780e-09 2.7454147e-10-9.3247270e-09
-9.3370103e-09 2.0639340e-10 2.9097837e-10
 3.1529888e-09 5.0755103e-10 3.2715888e-10
 3.9155640e-09 7.4215175e-09 6.7017673e-11
-9.6781324e-09 2.0920124e-09 3.7598939e-09
 3.6129903e-09 2.1394444e-09 9.7477939e-10
-1.2876057e-09 1.8011324e-09 9.6431410e-10
 3.7682208e-10 3.3904844e-10-8.1297765e-09
 9.4145965e-10 3.9006046e-09 4.1704104e-09
 2.5573761e-09 2.0390137e-09 2.9454219e-09
 1.9426703e-09 3.8845181e-10-2.2813236e-09
-1.1018184e-08-5.9579161e-09 4.5942324e-11
 4.6888424e-10 4.9383387e-09-5.8731619e-09
 3.7732291e-09 3.5175198e-09 2.2722517e-09
 2.6761495e-09 1.8729553e-09 4.1852864e-09
 3.2444512e-09 4.4555845e-09 4.7014411e-09
 1.4874130e-09 1.1236913e-09 1.8505786e-09
 1.4917868e-09 1.1460468e-09 3.9752928e-09
 2.0465155e-09 4.1194286e-09 4.1976742e-09
 4.1997873e-09-9.5698682e-11-5.1182139e-11
 4.8994251e-09 6.4131869e-11 3.0758332e-09
 4.8765259e-09 3.2508418e-09 8.0836735e-10
 2.2121170e-09-5.9842578e-11 8.2817031e-10
 4.1237028e-09 1.9912723e-09 3.8133093e-09
 4.9611787e-09 5.6056658e-10-8.5613617e-09
 6.9502768e-09-4.1470502e-09-1.7648526e-09
 1.2007035e-11 4.2515040e-10 3.8190746e-10
 9.6225098e-10 1.9517090e-09 1.5940968e-09
 2.0282777e-09 2.2757031e-09 2.5840686e-10
 6.1739128e-10 6.4435223e-10-1.1072132e-08
 6.5419405e-10 2.5509942e-10 6.8780196e-10
-9.2845383e-09 8.6103127e-10 3.2323086e-09
 7.5776552e-10 4.1911693e-09 2.7671200e-10
 1.2204875e-09-9.4603794e-09 7.4328364e-10
 8.4841762e-10 2.5929436e-10 2.7865085e-09
 6.7609279e-09 6.1144214e-10-2.7871531e-09
-2.1171452e-09 4.7903319e-09 3.2778712e-10
-1.0492207e-08 7.7835925e-10-1.0177673e-08
 2.1699461e-10-4.8907815e-09 2.0026695e-09
-1.1037495e-08 2.0661302e-09
