Size 611 
 0.0000000e+00 0.0000000e+00 6.7869635e-07
-4.0313569e-07-2.4362147e-07 7.0408357e-08
 8.5687744e-08 9.1836169e-08 0.0000000e+00
 0.0000000e+00 0.0000000e+00 0.0000000e+00
 0.0000000e+00 0.0000000e+00 0.0000000e+00
 0.0000000e+00 0.0000000e+00 0.0000000e+00
 0.0000000e+00 0.0000000e+00 0.0000000e+00
 0.0000000e+00 0.0000000e+00 0.0000000e+00
 0.0000000e+00 0.0000000e+00 0.0000000e+00
 6.7869195e-07 6.7869531e-07 6.7855134e-07
 6.7801190e-07 6.7688821e-07 6.7488648e-07
 6.7179867e-07 6.6730788e-07 6.6108128e-07
 6.5275866e-07 6.4190811e-07 6.2808564e-07
 6.1079080e-07 5.8946510e-07 5.6350557e-07
 5.3292824e-07 4.9743716e-07 4.5735968e-07
 4.1333133e-07 3.6644377e-07 3.1796031e-07
 2.6916153e-07 2.2104390e-07 1.7429153e-07
 1.2920429e-07 8.5550131e-08 4.2757472e-08
-2.9443138e-07-1.8595181e-07-7.7793428e-08
 3.0078228e-08 1.3778416e-07 2.4548634e-07
 3.5335055e-07 4.6150722e-07 5.6998860e-07
-4.0313076e-07-4.0314698e-07-4.0306159e-07
-4.0271213e-07-4.0192838e-07-4.0053269e-07
-3.9834087e-07-3.9515325e-07-3.9075045e-07
-3.8489364e-07-3.7732629e-07-3.6776370e-07
-3.5590013e-07-3.4137899e-07-3.2374719e-07
-3.0242039e-07-2.7646054e-07-2.0714925e-07
-1.7537132e-07-1.5050560e-07-1.2401817e-07
-1.0026249e-07-7.5737752e-08-5.5366449e-08
-3.2833740e-08-1.5468177e-08-1.1373140e-09
 1.0036581e-08 1.7626375e-08 2.5956296e-08
 3.3030070e-08 4.0295540e-08 4.7664997e-08
 5.4800893e-08 6.1526930e-08 6.6343603e-08
 7.3409125e-08 7.5830806e-08 7.7813011e-08
 7.9437974e-08 8.0769899e-08 8.1863510e-08
 8.2762932e-08 8.3500930e-08 8.4101718e-08
 8.4581079e-08 8.4953085e-08 8.5231661e-08
 8.5428098e-08 8.5551366e-08 8.5620936e-08
 8.5651231e-08 8.5665520e-08 9.1665386e-08
 9.1233549e-08 9.0648270e-08 8.9963671e-08
 8.9221883e-08 8.8458177e-08 8.7703103e-08
 8.6980739e-08 8.6303207e-08 1.3951031e-08
 2.7237587e-08 3.9563218e-08 5.0654521e-08
 6.0273865e-08 6.8241092e-08 7.4483188e-08
 7.9055525e-08 8.2147442e-08 8.4031628e-08
 8.5040312e-08 8.5479473e-08 8.5607421e-08
 8.5605868e-08 8.5595948e-08 8.5643739e-08
 8.5779378e-08 8.6012061e-08 8.6339738e-08
 8.6755878e-08 8.7250897e-08 8.7812853e-08
 8.8429637e-08 8.9089135e-08 8.9779303e-08
 9.0485339e-08 9.1185836e-08-2.9054637e-07
 8.5344592e-08-2.7679865e-07 8.3640301e-08
 5.6011286e-07-2.5316431e-07 8.8983800e-08
 8.0071883e-08-2.1595580e-07 8.7156265e-08
 5.3288910e-07 1.3424468e-07 5.9780462e-08
 7.3849350e-08-1.3662587e-07 8.5898769e-08
-8.9890054e-08 1.1944575e-09 7.8684772e-08
 4.9775635e-07 8.5488349e-08 2.7973293e-07
 8.5385128e-08 4.3516268e-07 7.8836946e-09
-6.6599335e-08 5.5574209e-08 8.5191107e-08
 3.4975422e-07 8.8827595e-08-2.4602959e-08
 8.2575359e-09-1.1956003e-08 8.5824487e-08
 2.4259691e-07 1.1703818e-08-7.9580159e-08
-2.4673021e-09 3.0022714e-08-1.2562885e-08
 3.9110191e-08 9.0663230e-08 5.6340324e-07
 8.7441769e-08-2.9565416e-07 1.3657821e-08
-8.2740096e-08 6.7212993e-08 3.2613555e-08
 8.6797473e-08 8.6106087e-08 5.4863191e-07
 8.3709593e-08 2.0601499e-07 8.4670958e-08
 8.2158742e-08 7.7317389e-08 2.1695056e-08
 1.2143536e-09-9.8872445e-09 1.2695580e-08
 4.6170136e-07 3.7886924e-07 5.1130522e-07
 8.6659524e-08 9.0358050e-08 8.8328992e-08
 7.4052283e-08 5.6435537e-07-2.8686556e-07
-2.7018458e-07-2.4240889e-07-1.9930843e-07
-1.7964157e-07 3.4998341e-07 4.5812523e-07
 6.5633633e-08 9.0133405e-08-2.9487142e-07
 2.7862042e-08 5.6780799e-07 9.1036837e-08
-2.9523767e-07 8.6209891e-08-7.6683181e-08
 3.9482034e-08 4.8835995e-10 7.1564434e-08
-1.0235596e-07-5.2537882e-08 2.1177316e-08
-7.7374167e-08 6.1724294e-08-4.0974680e-08
-1.8066138e-07-1.6060763e-07 8.6929414e-08
-1.3178401e-07-9.6530915e-08 7.7812162e-08
-4.5685222e-08 2.6765399e-07 3.8617817e-07
 3.4375577e-07 6.5087894e-08 1.3836984e-08
-4.1560220e-08-6.5084196e-08 3.2171024e-08
 8.8732070e-08-8.0837829e-08 7.2551502e-08
 2.3588194e-08-4.2198954e-09-2.4267791e-08
 4.4037249e-08 3.4503940e-07 8.6617411e-08
-1.8783720e-07 1.3289838e-08-6.3065081e-09
-1.3633745e-08 4.7104635e-09 1.0902322e-08
-6.7553333e-09 1.0277821e-08 8.5350670e-08
 8.5410453e-08 4.0544252e-07 4.8213706e-07
 8.5648065e-08 8.4726064e-08 8.6237428e-08
 5.2324812e-07 5.4201862e-07 8.7716204e-08
 5.5416275e-07 3.1580672e-07 8.1810274e-08
 6.7759750e-08 2.4257707e-07 5.6482867e-07
 1.6971517e-07 5.0166603e-08 8.9665255e-08
 9.9351471e-08 8.5045421e-08-2.8227442e-07
 8.4209889e-08-2.6228272e-07 8.2970517e-08
 8.1204780e-08-2.3010915e-07 7.8787036e-08
 8.5603389e-08 2.6825797e-08-2.9314050e-07
 8.8128513e-08-8.2513607e-08 8.5983942e-08
 7.5667351e-08 8.9507032e-08 1.3515055e-07
-1.5778036e-07-1.8716644e-07 9.0036070e-08
 4.5155794e-07-1.1721880e-07 7.2025549e-08
-8.5776890e-08 4.8235958e-08-1.0522643e-08
-3.4086233e-08-4.0419906e-08 3.2247040e-09
 6.9392043e-08-5.7856919e-08 2.3817044e-08
 8.5530717e-08 8.4035213e-08 4.3696216e-07
 8.2783853e-08 4.3491976e-07 8.1114572e-08
 7.9278132e-08 8.5970253e-08 7.6102871e-08
 8.5269994e-08 8.4871682e-08 8.8416571e-08
 1.6612532e-07 6.6742001e-08 8.4616932e-08
 1.1669924e-07-3.2030141e-08 8.3836566e-08
-1.2773764e-08 6.9709043e-08 1.6914814e-08
 9.2750081e-09-4.6450490e-08 4.9225068e-08
 2.2583485e-08-3.9673458e-09 8.7187449e-08
 2.6468240e-07 3.6074652e-07 8.7492259e-08
 8.0991476e-08 2.4014819e-08-1.6817958e-07
-1.4256492e-07-1.0875374e-07 2.5311995e-08
 8.9571596e-08-2.6338855e-08 2.0929876e-08
-1.1588653e-08-1.8470291e-07 3.8316017e-08
-3.7019077e-08-1.8885700e-08 5.5297826e-09
 2.7832386e-09 3.1640471e-07 3.7370394e-07
 8.8097600e-08 4.1077855e-07 8.9384625e-08
 8.6418686e-08 2.4718762e-07 7.3119002e-08
 3.9969776e-07 4.3168099e-07 9.1804228e-08
 6.7306363e-08 2.2095888e-07 8.4993173e-08
 8.6202403e-08 2.6210135e-08-1.7504857e-07
-6.3135103e-08-1.5221329e-07 2.4010304e-07
-1.2022374e-07 2.5570861e-08 7.7291659e-08
-1.8699086e-07-5.7199597e-08-6.5458663e-08
 4.3644986e-08-2.8155349e-08 8.6423042e-08
-1.0440428e-08 5.9777538e-08 7.3250726e-08
 7.4996981e-08-3.9543245e-09-8.4790928e-09
 1.9097110e-08-4.4535476e-08-7.4310933e-08
 8.7775759e-08-5.6118062e-08 8.6607079e-08
-3.7262674e-08-2.2542371e-08-1.1912410e-08
 3.1081133e-08 2.1215009e-07 2.8337169e-07
 7.9079458e-08 6.5604466e-08 1.7253095e-07
 1.5142865e-07 3.5822579e-08 9.7043785e-09
 2.4914189e-07 2.4325958e-07-8.0677839e-08
 7.2205670e-08 2.3787585e-08 3.3082470e-09
 3.3586985e-08-2.6623739e-08 1.7059773e-08
 8.7797436e-08 8.2823778e-08 8.6077243e-08
 8.4752022e-08 8.8980770e-08 8.5035343e-08
 8.5585360e-08 8.4364639e-08 4.2397910e-07
 4.3914940e-07 4.7952226e-07 1.9353654e-07
 1.4053157e-07 3.7227806e-08 5.8728735e-08
 8.5344209e-08 8.4547661e-08 8.3454516e-08
 8.2001668e-08 8.5935749e-08 1.3274828e-07
 1.8466992e-08 8.0191442e-08 7.8361609e-08
-4.3284416e-08 8.9018140e-08-4.9208582e-08
 3.6577050e-08-2.5531845e-08-1.6113046e-08
 7.9548004e-08 3.4037514e-07 8.6924340e-08
-2.4907738e-08 7.1442164e-08-3.9705307e-08
 4.2133049e-08-1.4813219e-08 5.2628520e-08
 6.7156071e-08-1.4864667e-08 7.7032632e-08
-4.9542055e-09 1.3751065e-08-3.4595333e-08
 8.5957250e-08 8.3580874e-08 3.3025647e-07
 8.2950174e-08 8.6273752e-08 8.4041751e-08
 8.1163227e-08 8.5115061e-08 8.5466213e-08
 7.7226018e-08 4.1248444e-08 8.3825104e-08
 2.3438372e-08 8.3540334e-08 8.0193405e-08
 7.2729183e-09 1.1631900e-07 6.3065835e-08
 8.6148987e-08 3.2978464e-07 8.3073883e-08
 8.1311636e-08 2.9966401e-07 1.6798513e-07
 8.8379522e-08 8.5589402e-08 1.6617654e-07
 2.9077514e-07 3.6195498e-08 8.7456214e-08
 5.0672427e-08 2.7568749e-08 1.2325986e-07
 2.5902739e-07 2.3251288e-07 8.4675692e-08
 8.7188058e-08 6.5090823e-08 4.7775968e-08
 1.2637639e-07 8.5017573e-08-2.5680447e-08
 2.3504897e-08 8.4543608e-08-4.6608188e-08
-6.6527962e-08-4.2572362e-08 8.2276484e-08
 3.3068436e-10 2.4619552e-07 8.8502342e-08
 4.5985233e-08 8.6647904e-08 1.1483388e-07
 7.6330553e-08 1.2478151e-07-7.8989722e-08
 7.5694314e-08 1.5314666e-08-3.2536099e-08
 5.6596083e-08 6.4203649e-08 6.9110832e-08
 6.2062954e-08 2.4335084e-08 8.7404876e-08
 5.6020443e-08 8.5574253e-08 1.7646868e-07
 1.9119597e-07 8.6519116e-08 8.7090427e-08
 8.5264919e-08 4.6484656e-08 8.6439859e-08
 8.4556512e-08-3.5527237e-08 1.0905645e-07
 8.7963415e-08 8.6837209e-08 8.4318849e-08
 3.5324516e-07 8.2379853e-08 8.6417284e-08
 8.5914348e-08 8.1251585e-08 8.4081379e-08
 8.3378916e-08-6.2049900e-09 8.1654424e-08
 6.9638672e-08 5.6930689e-08 8.0320226e-08
 8.5633780e-08 8.7985612e-08 1.2683649e-07
 6.7517311e-08 2.2209100e-08 2.1284434e-08
 8.2969732e-08-1.5973731e-08 1.4213686e-08
 6.3287009e-08 3.7926693e-08 1.1821379e-07
 5.4833083e-08 1.6793667e-07 8.2702759e-08
 1.0942437e-07 2.0785793e-07 1.9775882e-07
 3.6245500e-08 1.8161941e-07 5.3200795e-08
-1.9730530e-08 8.3890440e-08 8.4950058e-08
 7.2286527e-08 8.6635049e-08 4.6948319e-08
 1.1802179e-07 8.7517939e-08 8.4764796e-08
 5.5043187e-08 8.2604487e-08 1.1434326e-07
 8.6991750e-08 1.0964928e-07
